Season   Age   Tm   Lg   Pos   G   GS   MP   FG   FGA   FG%   3P   3PA   3P%   2P   2PA   2P%   eFG%   FT   FTA   FT%   ORB   DRB   TRB   AST   STL   BLK   TOV   PF   PTS 
1989-90     23     NJN     NBA     PF     21     0     108     14     40     .350     0     0          14     40     .350     .350     9     15     .600     11     23     34     7     2     2     11     20     37  
1990-91     24     DEN     NBA     PF     3     0     21     2     4     .500     0     0          2     4     .500     .500     6     8     .750     3     2     5     0     1     0     0     6     10  
1991-92     25     NYK     NBA     PF     82     0     2198     203     399     .509     0     0          203     399     .509     .509     167     260     .642     216     357     573     106     46     20     101     229     573  
1992-93     26     NYK     NBA     PF     81     0     2482     316     629     .502     0     0          316     629     .502     .502     199     292     .682     231     409     640     170     43     19     137     240     831  
1993-94     27     NYK     NBA     PF     73     12     1903     206     433     .476     0     1     .000     206     432     .477     .476     116     161     .720     158     269     427     151     31     9     107     190     528  
1994-95     28     NYK     NBA     PF     77     11     2496     287     507     .566     0     1     .000     287     506     .567     .566     191     298     .641     182     468     650     240     69     21     123     253     765  
1995-96     29     NYK     NBA     SF     82     82     3457     449     798     .563     0     0          449     798     .563     .563     298     414     .720     220     544     764     363     69     34     211     246     1196  
1996-97     30     CHH     NBA     PF     73     73     3143     433     825     .525     1     3     .333     432     822     .526     .525     319     428     .745     186     643     829     414     76     33     165     202     1186  
1997-98     31     CHH     NBA     PF     81     80     3148     389     764     .509     0     4     .000     389     760     .512     .509     261     402     .649     177     649     826     342     68     18     146     182     1039  
1999-00     33     CHH     NBA     SF     82     81     3133     317     661     .480     0     1     .000     317     660     .480     .480     314     421     .746     145     554     699     367     74     29     160     220     948  
2000-01      34     MIA     NBA     PF     80     80     3254     460     954     .482     0     0          460     954     .482     .482     370     474     .781     169     601     770     248     80     25     179     231     1290  
2001-02     35     MIL     NBA     PF     82     82     3143     316     626     .505     1     1     1.000     315     625     .504     .506     154     221     .697     124     522     646     346     57     22     130     187     787  
2002-03     36     MIL     NBA     C     65     58     2119     191     393     .486     0     1     .000     191     392     .487     .486     84     117     .718     90     326     416     209     32     12     79     147     466  
Career               NBA          882     559     30605     3583     7033     .509     2     12     .167     3581     7021     .510     .510     2488     3511     .709     1912     5367     7279     2963     648     244     1549     2353     9656  
5 seasons          NYK     NBA          395     105     12536     1461     2766     .528     0     2     .000     1461     2764     .529     .528     971     1425     .681     1007     2047     3054     1030     258     103     679     1158     3893  
3 seasons          CHH     NBA          236     234     9424     1139     2250     .506     1     8     .125     1138     2242     .508     .506     894     1251     .715     508     1846     2354     1123     218     80     471     604     3173  
2 seasons          MIL     NBA          147     140     5262     507     1019     .498     1     2     .500     506     1017     .498     .498     238     338     .704     214     848     1062     555     89     34     209     334     1253  
1 season          MIA     NBA          80     80     3254     460     954     .482     0     0          460     954     .482     .482     370     474     .781     169     601     770     248     80     25     179     231     1290  
1 season          NJN     NBA          21     0     108     14     40     .350     0     0          14     40     .350     .350     9     15     .600     11     23     34     7     2     2     11     20     37  
1 season          DEN     NBA          3     0     21     2     4     .500     0     0          2     4     .500     .500     6     8     .750     3     2     5     0     1     0     0     6     10  
Season   Age   Tm   Lg   Pos   G   GS   MP   FG   FGA   FG%   3P   3PA   3P%   2P   2PA   2P%   FT   FTA   FT%   ORB   DRB   TRB   AST   STL   BLK   TOV   PF   PTS 
1989-90     23     NJN     NBA     PF     21     0     5.1     0.7     1.9     .350     0.0     0.0          0.7     1.9     .350     0.4     0.7     .600     0.5     1.1     1.6     0.3     0.1     0.1     0.5     1.0     1.8  
1990-91     24     DEN     NBA     PF     3     0     7.0     0.7     1.3     .500     0.0     0.0          0.7     1.3     .500     2.0     2.7     .750     1.0     0.7     1.7     0.0     0.3     0.0     0.0     2.0     3.3  
1991-92     25     NYK     NBA     PF     82     0     26.8     2.5     4.9     .509     0.0     0.0          2.5     4.9     .509     2.0     3.2     .642     2.6     4.4     7.0     1.3     0.6     0.2     1.2     2.8     7.0  
1992-93     26     NYK     NBA     PF     81     0     30.6     3.9     7.8     .502     0.0     0.0          3.9     7.8     .502     2.5     3.6     .682     2.9     5.0     7.9     2.1     0.5     0.2     1.7     3.0     10.3  
1993-94     27     NYK     NBA     PF     73     12     26.1     2.8     5.9     .476     0.0     0.0     .000     2.8     5.9     .477     1.6     2.2     .720     2.2     3.7     5.8     2.1     0.4     0.1     1.5     2.6     7.2  
1994-95     28     NYK     NBA     PF     77     11     32.4     3.7     6.6     .566     0.0     0.0     .000     3.7     6.6     .567     2.5     3.9     .641     2.4     6.1     8.4     3.1     0.9     0.3     1.6     3.3     9.9  
1995-96     29     NYK     NBA     SF     82     82     42.2     5.5     9.7     .563     0.0     0.0          5.5     9.7     .563     3.6     5.0     .720     2.7     6.6     9.3     4.4     0.8     0.4     2.6     3.0     14.6  
1996-97     30     CHH     NBA     PF     73     73     43.1     5.9     11.3     .525     0.0     0.0     .333     5.9     11.3     .526     4.4     5.9     .745     2.5     8.8     11.4     5.7     1.0     0.5     2.3     2.8     16.2  
1997-98     31     CHH     NBA     PF     81     80     38.9     4.8     9.4     .509     0.0     0.0     .000     4.8     9.4     .512     3.2     5.0     .649     2.2     8.0     10.2     4.2     0.8     0.2     1.8     2.2     12.8  
1999-00     33     CHH     NBA     SF     82     81     38.2     3.9     8.1     .480     0.0     0.0     .000     3.9     8.0     .480     3.8     5.1     .746     1.8     6.8     8.5     4.5     0.9     0.4     2.0     2.7     11.6  
2000-01      34     MIA     NBA     PF     80     80     40.7     5.8     11.9     .482     0.0     0.0          5.8     11.9     .482     4.6     5.9     .781     2.1     7.5     9.6     3.1     1.0     0.3     2.2     2.9     16.1  
2001-02     35     MIL     NBA     PF     82     82     38.3     3.9     7.6     .505     0.0     0.0     1.000     3.8     7.6     .504     1.9     2.7     .697     1.5     6.4     7.9     4.2     0.7     0.3     1.6     2.3     9.6  
2002-03     36     MIL     NBA     C     65     58     32.6     2.9     6.0     .486     0.0     0.0     .000     2.9     6.0     .487     1.3     1.8     .718     1.4     5.0     6.4     3.2     0.5     0.2     1.2     2.3     7.2  
Career               NBA          882     559     34.7     4.1     8.0     .509     0.0     0.0     .167     4.1     8.0     .510     2.8     4.0     .709     2.2     6.1     8.3     3.4     0.7     0.3     1.8     2.7     10.9  
5 seasons          NYK     NBA          395     105     31.7     3.7     7.0     .528     0.0     0.0     .000     3.7     7.0     .529     2.5     3.6     .681     2.5     5.2     7.7     2.6     0.7     0.3     1.7     2.9     9.9  
3 seasons          CHH     NBA          236     234     39.9     4.8     9.5     .506     0.0     0.0     .125     4.8     9.5     .508     3.8     5.3     .715     2.2     7.8     10.0     4.8     0.9     0.3     2.0     2.6     13.4  
2 seasons          MIL     NBA          147     140     35.8     3.4     6.9     .498     0.0     0.0     .500     3.4     6.9     .498     1.6     2.3     .704     1.5     5.8     7.2     3.8     0.6     0.2     1.4     2.3     8.5  
1 season          MIA     NBA          80     80     40.7     5.8     11.9     .482     0.0     0.0          5.8     11.9     .482     4.6     5.9     .781     2.1     7.5     9.6     3.1     1.0     0.3     2.2     2.9     16.1  
1 season          NJN     NBA          21     0     5.1     0.7     1.9     .350     0.0     0.0          0.7     1.9     .350     0.4     0.7     .600     0.5     1.1     1.6     0.3     0.1     0.1     0.5     1.0     1.8  
1 season          DEN     NBA          3     0     7.0     0.7     1.3     .500     0.0     0.0          0.7     1.3     .500     2.0     2.7     .750     1.0     0.7     1.7     0.0     0.3     0.0     0.0     2.0     3.3  
Season   Age   Tm   Lg   Pos   G   GS   MP   FG   FGA   FG%   3P   3PA   3P%   2P   2PA   2P%   FT   FTA   FT%   ORB   DRB   TRB   AST   STL   BLK   TOV   PF   PTS 
1989-90     23     NJN     NBA     PF     21     0     108     4.7     13.3     .350     0.0     0.0          4.7     13.3     .350     3.0     5.0     .600     3.7     7.7     11.3     2.3     0.7     0.7     3.7     6.7     12.3  
1990-91     24     DEN     NBA     PF     3     0     21     3.4     6.9     .500     0.0     0.0          3.4     6.9     .500     10.3     13.7     .750     5.1     3.4     8.6     0.0     1.7     0.0     0.0     10.3     17.1  
1991-92     25     NYK     NBA     PF     82     0     2198     3.3     6.5     .509     0.0     0.0          3.3     6.5     .509     2.7     4.3     .642     3.5     5.8     9.4     1.7     0.8     0.3     1.7     3.8     9.4  
1992-93     26     NYK     NBA     PF     81     0     2482     4.6     9.1     .502     0.0     0.0          4.6     9.1     .502     2.9     4.2     .682     3.4     5.9     9.3     2.5     0.6     0.3     2.0     3.5     12.1  
1993-94     27     NYK     NBA     PF     73     12     1903     3.9     8.2     .476     0.0     0.0     .000     3.9     8.2     .477     2.2     3.0     .720     3.0     5.1     8.1     2.9     0.6     0.2     2.0     3.6     10.0  
1994-95     28     NYK     NBA     PF     77     11     2496     4.1     7.3     .566     0.0     0.0     .000     4.1     7.3     .567     2.8     4.3     .641     2.6     6.8     9.4     3.5     1.0     0.3     1.8     3.6     11.0  
1995-96     29     NYK     NBA     SF     82     82     3457     4.7     8.3     .563     0.0     0.0          4.7     8.3     .563     3.1     4.3     .720     2.3     5.7     8.0     3.8     0.7     0.4     2.2     2.6     12.5  
1996-97     30     CHH     NBA     PF     73     73     3143     5.0     9.4     .525     0.0     0.0     .333     4.9     9.4     .526     3.7     4.9     .745     2.1     7.4     9.5     4.7     0.9     0.4     1.9     2.3     13.6  
1997-98     31     CHH     NBA     PF     81     80     3148     4.4     8.7     .509     0.0     0.0     .000     4.4     8.7     .512     3.0     4.6     .649     2.0     7.4     9.4     3.9     0.8     0.2     1.7     2.1     11.9  
1999-00     33     CHH     NBA     SF     82     81     3133     3.6     7.6     .480     0.0     0.0     .000     3.6     7.6     .480     3.6     4.8     .746     1.7     6.4     8.0     4.2     0.9     0.3     1.8     2.5     10.9  
2000-01      34     MIA     NBA     PF     80     80     3254     5.1     10.6     .482     0.0     0.0          5.1     10.6     .482     4.1     5.2     .781     1.9     6.6     8.5     2.7     0.9     0.3     2.0     2.6     14.3  
2001-02     35     MIL     NBA     PF     82     82     3143     3.6     7.2     .505     0.0     0.0     1.000     3.6     7.2     .504     1.8     2.5     .697     1.4     6.0     7.4     4.0     0.7     0.3     1.5     2.1     9.0  
2002-03     36     MIL     NBA     C     65     58     2119     3.2     6.7     .486     0.0     0.0     .000     3.2     6.7     .487     1.4     2.0     .718     1.5     5.5     7.1     3.6     0.5     0.2     1.3     2.5     7.9  
Career               NBA          882     559     30605     4.2     8.3     .509     0.0     0.0     .167     4.2     8.3     .510     2.9     4.1     .709     2.2     6.3     8.6     3.5     0.8     0.3     1.8     2.8     11.4  
5 seasons          NYK     NBA          395     105     12536     4.2     7.9     .528     0.0     0.0     .000     4.2     7.9     .529     2.8     4.1     .681     2.9     5.9     8.8     3.0     0.7     0.3     1.9     3.3     11.2  
3 seasons          CHH     NBA          236     234     9424     4.4     8.6     .506     0.0     0.0     .125     4.3     8.6     .508     3.4     4.8     .715     1.9     7.1     9.0     4.3     0.8     0.3     1.8     2.3     12.1  
2 seasons          MIL     NBA          147     140     5262     3.5     7.0     .498     0.0     0.0     .500     3.5     7.0     .498     1.6     2.3     .704     1.5     5.8     7.3     3.8     0.6     0.2     1.4     2.3     8.6  
1 season          MIA     NBA          80     80     3254     5.1     10.6     .482     0.0     0.0          5.1     10.6     .482     4.1     5.2     .781     1.9     6.6     8.5     2.7     0.9     0.3     2.0     2.6     14.3  
1 season          NJN     NBA          21     0     108     4.7     13.3     .350     0.0     0.0          4.7     13.3     .350     3.0     5.0     .600     3.7     7.7     11.3     2.3     0.7     0.7     3.7     6.7     12.3  
1 season          DEN     NBA          3     0     21     3.4     6.9     .500     0.0     0.0          3.4     6.9     .500     10.3     13.7     .750     5.1     3.4     8.6     0.0     1.7     0.0     0.0     10.3     17.1  
Season   Age   Tm   Lg   Pos   G   GS   MP   FG   FGA   FG%   3P   3PA   3P%   2P   2PA   2P%   FT   FTA   FT%   ORB   DRB   TRB   AST   STL   BLK   TOV   PF   PTS      ORtg   DRtg 
1989-90     23     NJN     NBA     PF     21     0     108     6.3     17.9     .350     0.0     0.0          6.3     17.9     .350     4.0     6.7     .600     4.9     10.3     15.2     3.1     0.9     0.9     4.9     9.0     16.6          82     107  
1990-91     24     DEN     NBA     PF     3     0     21     4.0     8.0     .500     0.0     0.0          4.0     8.0     .500     12.1     16.1     .750     6.0     4.0     10.1     0.0     2.0     0.0     0.0     12.1     20.1          156     116  
1991-92     25     NYK     NBA     PF     82     0     2198     4.8     9.4     .509     0.0     0.0          4.8     9.4     .509     3.9     6.1     .642     5.1     8.4     13.5     2.5     1.1     0.5     2.4     5.4     13.5          113     104  
1992-93     26     NYK     NBA     PF     81     0     2482     6.5     12.9     .502     0.0     0.0          6.5     12.9     .502     4.1     6.0     .682     4.7     8.4     13.1     3.5     0.9     0.4     2.8     4.9     17.0          111     101  
1993-94     27     NYK     NBA     PF     73     12     1903     5.6     11.8     .476     0.0     0.0     .000     5.6     11.7     .477     3.2     4.4     .720     4.3     7.3     11.6     4.1     0.8     0.2     2.9     5.2     14.3          107     101  
1994-95     28     NYK     NBA     PF     77     11     2496     6.1     10.7     .566     0.0     0.0     .000     6.1     10.7     .567     4.0     6.3     .641     3.8     9.9     13.7     5.1     1.5     0.4     2.6     5.3     16.1          119     102  
1995-96     29     NYK     NBA     SF     82     82     3457     6.9     12.2     .563     0.0     0.0          6.9     12.2     .563     4.5     6.3     .720     3.4     8.3     11.7     5.5     1.1     0.5     3.2     3.8     18.2          117     104  
1996-97     30     CHH     NBA     PF     73     73     3143     7.5     14.2     .525     0.0     0.1     .333     7.4     14.2     .526     5.5     7.4     .745     3.2     11.1     14.3     7.1     1.3     0.6     2.8     3.5     20.5          121     106  
1997-98     31     CHH     NBA     PF     81     80     3148     6.6     13.0     .509     0.0     0.1     .000     6.6     13.0     .512     4.5     6.9     .649     3.0     11.1     14.1     5.8     1.2     0.3     2.5     3.1     17.7          114     104  
1999-00     33     CHH     NBA     SF     82     81     3133     5.2     10.8     .480     0.0     0.0     .000     5.2     10.8     .480     5.1     6.9     .746     2.4     9.0     11.4     6.0     1.2     0.5     2.6     3.6     15.5          112     102  
2000-01      34     MIA     NBA     PF     80     80     3254     7.8     16.2     .482     0.0     0.0          7.8     16.2     .482     6.3     8.0     .781     2.9     10.2     13.0     4.2     1.4     0.4     3.0     3.9     21.9          109     98  
2001-02     35     MIL     NBA     PF     82     82     3143     5.3     10.6     .505     0.0     0.0     1.000     5.3     10.6     .504     2.6     3.7     .697     2.1     8.8     10.9     5.9     1.0     0.4     2.2     3.2     13.3          113     108  
2002-03     36     MIL     NBA     C     65     58     2119     4.8     9.8     .486     0.0     0.0     .000     4.8     9.8     .487     2.1     2.9     .718     2.3     8.2     10.4     5.2     0.8     0.3     2.0     3.7     11.7          111     110  
Career               NBA          882     559     30605     6.2     12.1     .509     0.0     0.0     .167     6.2     12.1     .510     4.3     6.1     .709     3.3     9.3     12.6     5.1     1.1     0.4     2.7     4.1     16.7          114     104  
5 seasons          NYK     NBA          395     105     12536     6.1     11.5     .528     0.0     0.0     .000     6.1     11.5     .529     4.0     5.9     .681     4.2     8.5     12.7     4.3     1.1     0.4     2.8     4.8     16.1          114     103  
3 seasons          CHH     NBA          236     234     9424     6.4     12.6     .506     0.0     0.0     .125     6.4     12.6     .508     5.0     7.0     .715     2.9     10.4     13.2     6.3     1.2     0.4     2.6     3.4     17.8          116     104  
2 seasons          MIL     NBA          147     140     5262     5.1     10.3     .498     0.0     0.0     .500     5.1     10.3     .498     2.4     3.4     .704     2.2     8.6     10.7     5.6     0.9     0.3     2.1     3.4     12.7          112     109  
1 season          MIA     NBA          80     80     3254     7.8     16.2     .482     0.0     0.0          7.8     16.2     .482     6.3     8.0     .781     2.9     10.2     13.0     4.2     1.4     0.4     3.0     3.9     21.9          109     98  
1 season          NJN     NBA          21     0     108     6.3     17.9     .350     0.0     0.0          6.3     17.9     .350     4.0     6.7     .600     4.9     10.3     15.2     3.1     0.9     0.9     4.9     9.0     16.6          82     107  
1 season          DEN     NBA          3     0     21     4.0     8.0     .500     0.0     0.0          4.0     8.0     .500     12.1     16.1     .750     6.0     4.0     10.1     0.0     2.0     0.0     0.0     12.1     20.1          156     116  
Season   Age   Tm   Lg   Pos   G   MP   PER   TS%   3PAr   FTr   ORB%   DRB%   TRB%   AST%   STL%   BLK%   TOV%   USG%      OWS   DWS   WS   WS/48      OBPM   DBPM   BPM   VORP 
1989-90     23     NJN     NBA     PF     21     108     6.9     .397     .000     .375     10.2     24.2     16.7     9.7     0.9     1.1     19.1     21.4          -0.2     0.1     -0.1     -0.055          -7.2     -1.0     -8.2     -0.2  
1990-91     24     DEN     NBA     PF     3     21     15.7     .665     .000     2.000     12.3     10.0     11.2     0.0     2.0     0.0     0.0     12.6          0.1     0.0     0.1     .220          0.8     -5.1     -4.3     0.0  
1991-92     25     NYK     NBA     PF     82     2198     11.3     .558     .000     .652     11.4     18.4     14.9     6.5     1.1     0.6     16.4     12.2          2.4     3.2     5.6     .123          -1.0     1.9     0.9     1.6  
1992-93     26     NYK     NBA     PF     81     2482     12.9     .549     .000     .464     10.7     17.8     14.3     10.1     0.9     0.5     15.3     15.6          2.7     4.7     7.4     .143          -0.5     2.7     2.1     2.6  
1993-94     27     NYK     NBA     PF     73     1903     10.8     .524     .002     .372     9.6     15.7     12.7     11.7     0.8     0.3     17.5     14.1          1.6     3.3     4.9     .123          -1.6     2.0     0.4     1.2  
1994-95     28     NYK     NBA     PF     77     2496     14.9     .599     .002     .588     8.9     21.2     15.3     15.0     1.5     0.6     16.2     14.0          4.2     4.4     8.6     .166          0.2     3.0     3.3     3.3  
1995-96     29     NYK     NBA     SF     82     3457     15.8     .610     .000     .519     7.8     18.1     13.1     16.7     1.1     0.8     17.7     16.1          6.3     5.0     11.3     .157          1.1     2.5     3.6     4.9  
1996-97     30     CHH     NBA     PF     73     3143     18.9     .585     .004     .519     7.4     24.0     16.0     21.4     1.3     0.8     14.0     17.6          8.0     3.3     11.4     .173          2.5     2.0     4.5     5.2  
1997-98     31     CHH     NBA     PF     81     3148     16.4     .552     .005     .526     6.9     24.7     15.8     17.3     1.2     0.4     13.4     16.0          5.7     3.5     9.3     .141          1.0     1.7     2.8     3.8  
1999-00     33     CHH     NBA     SF     82     3133     14.4     .560     .002     .637     5.3     19.4     12.5     18.3     1.2     0.6     15.9     14.4          4.9     3.9     8.9     .136          0.0     1.9     1.9     3.1  
2000-01      34     MIA     NBA     PF     80     3254     17.4     .555     .000     .497     6.2     21.9     14.1     14.2     1.4     0.6     13.3     20.0          6.0     5.6     11.6     .171          0.3     2.3     2.7     3.8  
2001-02     35     MIL     NBA     PF     82     3143     12.9     .544     .002     .353     4.8     18.3     11.9     16.6     1.0     0.5     15.2     12.7          4.4     2.0     6.4     .097          -0.5     0.8     0.3     1.8  
2002-03     36     MIL     NBA     C     65     2119     11.3     .524     .003     .298     4.9     18.1     11.5     14.6     0.8     0.4     15.1     11.5          2.5     0.6     3.1     .069          -1.0     0.0     -0.9     0.6  
Career               NBA          882     30605     14.6     .563     .002     .499     7.4     20.1     13.9     15.2     1.1     0.6     15.3     15.2          48.6     39.7     88.3     .138          0.2     1.9     2.1     31.7  
5 seasons          NYK     NBA          395     12536     13.5     .574     .001     .515     9.5     18.4     14.0     12.5     1.1     0.6     16.7     14.6          17.2     20.7     37.8     .145          -0.2     2.5     2.3     13.6  
3 seasons          CHH     NBA          236     9424     16.6     .567     .004     .556     6.5     22.7     14.8     19.0     1.2     0.6     14.4     16.0          18.7     10.8     29.5     .150          1.2     1.9     3.1     12.1  
2 seasons          MIL     NBA          147     5262     12.2     .537     .002     .332     4.9     18.2     11.7     15.8     0.9     0.5     15.2     12.2          6.9     2.5     9.4     .086          -0.7     0.5     -0.2     2.4  
1 season          MIA     NBA          80     3254     17.4     .555     .000     .497     6.2     21.9     14.1     14.2     1.4     0.6     13.3     20.0          6.0     5.6     11.6     .171          0.3     2.3     2.7     3.8  
1 season          NJN     NBA          21     108     6.9     .397     .000     .375     10.2     24.2     16.7     9.7     0.9     1.1     19.1     21.4          -0.2     0.1     -0.1     -0.055          -7.2     -1.0     -8.2     -0.2  
1 season          DEN     NBA          3     21     15.7     .665     .000     2.000     12.3     10.0     11.2     0.0     2.0     0.0     0.0     12.6          0.1     0.0     0.1     .220          0.8     -5.1     -4.3     0.0  
Season   Age   Tm   Lg   Pos   G   GS   MP   FG   FGA   FG%   3P   3PA   3P%   2P   2PA   2P%   eFG%   FT   FTA   FT%   ORB   DRB   TRB   AST   STL   BLK   TOV   PF   PTS 
1991-92     25     NYK     NBA     PF     12     0     288     19     43     .442     0     0          19     43     .442     .442     22     28     .786     28     48     76     10     2     8     11     34     60  
1992-93     26     NYK     NBA     PF     15     0     510     72     122     .590     0     0          72     122     .590     .590     43     68     .632     55     54     109     41     10     6     23     50     187  
1993-94     27     NYK     NBA     PF     25     0     660     67     137     .489     0     0          67     137     .489     .489     55     77     .714     53     93     146     46     15     5     36     66     189  
1994-95     28     NYK     NBA     PF     11     0     352     31     51     .608     0     1     .000     31     50     .620     .608     43     69     .623     23     45     68     24     6     6     26     28     105  
1995-96     29     NYK     NBA     SF     8     8     350     41     78     .526     0     0          41     78     .526     .526     19     28     .679     17     45     62     26     4     1     20     20     101  
1996-97     30     CHH     NBA     PF     3     3     131     16     38     .421     0     0          16     38     .421     .421     7     13     .538     8     28     36     9     1     1     9     6     39  
1997-98     31     CHH     NBA     PF     9     9     367     57     99     .576     0     1     .000     57     98     .582     .576     25     42     .595     17     54     71     31     8     0     22     17     139  
1999-00     33     CHH     NBA     SF     4     4     179     18     38     .474     0     1     .000     18     37     .486     .474     14     20     .700     16     23     39     22     4     0     13     13     50  
2000-01     34     MIA     NBA     PF     3     3     98     5     13     .385     0     1     .000     5     12     .417     .385     6     6     1.000     1     8     9     4     1     0     7     6     16  
2002-03     36     MIL     NBA     C     6     0     157     7     17     .412     0     0          7     17     .412     .412     9     13     .692     4     16     20     1     3     1     8     17     23  
Career               NBA          96     27     3092     333     636     .524     0     4     .000     333     632     .527     .524     243     364     .668     222     414     636     214     54     28     175     257     909  
5 seasons          NYK     NBA          71     8     2160     230     431     .534     0     1     .000     230     430     .535     .534     182     270     .674     176     285     461     147     37     26     116     198     642  
3 seasons          CHH     NBA          16     16     677     91     175     .520     0     2     .000     91     173     .526     .520     46     75     .613     41     105     146     62     13     1     44     36     228  
1 season          MIL     NBA          6     0     157     7     17     .412     0     0          7     17     .412     .412     9     13     .692     4     16     20     1     3     1     8     17     23  
1 season          MIA     NBA          3     3     98     5     13     .385     0     1     .000     5     12     .417     .385     6     6     1.000     1     8     9     4     1     0     7     6     16  
Season   Age   Tm   Lg   Pos   G   GS   MP   FG   FGA   FG%   3P   3PA   3P%   2P   2PA   2P%   FT   FTA   FT%   ORB   DRB   TRB   AST   STL   BLK   TOV   PF   PTS 
1991-92     25     NYK     NBA     PF     12     0     24.0     1.6     3.6     .442     0.0     0.0          1.6     3.6     .442     1.8     2.3     .786     2.3     4.0     6.3     0.8     0.2     0.7     0.9     2.8     5.0  
1992-93     26     NYK     NBA     PF     15     0     34.0     4.8     8.1     .590     0.0     0.0          4.8     8.1     .590     2.9     4.5     .632     3.7     3.6     7.3     2.7     0.7     0.4     1.5     3.3     12.5  
1993-94     27     NYK     NBA     PF     25     0     26.4     2.7     5.5     .489     0.0     0.0          2.7     5.5     .489     2.2     3.1     .714     2.1     3.7     5.8     1.8     0.6     0.2     1.4     2.6     7.6  
1994-95     28     NYK     NBA     PF     11     0     32.0     2.8     4.6     .608     0.0     0.1     .000     2.8     4.5     .620     3.9     6.3     .623     2.1     4.1     6.2     2.2     0.5     0.5     2.4     2.5     9.5  
1995-96     29     NYK     NBA     SF     8     8     43.8     5.1     9.8     .526     0.0     0.0          5.1     9.8     .526     2.4     3.5     .679     2.1     5.6     7.8     3.3     0.5     0.1     2.5     2.5     12.6  
1996-97     30     CHH     NBA     PF     3     3     43.7     5.3     12.7     .421     0.0     0.0          5.3     12.7     .421     2.3     4.3     .538     2.7     9.3     12.0     3.0     0.3     0.3     3.0     2.0     13.0  
1997-98     31     CHH     NBA     PF     9     9     40.8     6.3     11.0     .576     0.0     0.1     .000     6.3     10.9     .582     2.8     4.7     .595     1.9     6.0     7.9     3.4     0.9     0.0     2.4     1.9     15.4  
1999-00     33     CHH     NBA     SF     4     4     44.8     4.5     9.5     .474     0.0     0.3     .000     4.5     9.3     .486     3.5     5.0     .700     4.0     5.8     9.8     5.5     1.0     0.0     3.3     3.3     12.5  
2000-01     34     MIA     NBA     PF     3     3     32.7     1.7     4.3     .385     0.0     0.3     .000     1.7     4.0     .417     2.0     2.0     1.000     0.3     2.7     3.0     1.3     0.3     0.0     2.3     2.0     5.3  
2002-03     36     MIL     NBA     C     6     0     26.2     1.2     2.8     .412     0.0     0.0          1.2     2.8     .412     1.5     2.2     .692     0.7     2.7     3.3     0.2     0.5     0.2     1.3     2.8     3.8  
Career               NBA          96     27     32.2     3.5     6.6     .524     0.0     0.0     .000     3.5     6.6     .527     2.5     3.8     .668     2.3     4.3     6.6     2.2     0.6     0.3     1.8     2.7     9.5  
5 seasons          NYK     NBA          71     8     30.4     3.2     6.1     .534     0.0     0.0     .000     3.2     6.1     .535     2.6     3.8     .674     2.5     4.0     6.5     2.1     0.5     0.4     1.6     2.8     9.0  
3 seasons          CHH     NBA          16     16     42.3     5.7     10.9     .520     0.0     0.1     .000     5.7     10.8     .526     2.9     4.7     .613     2.6     6.6     9.1     3.9     0.8     0.1     2.8     2.3     14.3  
1 season          MIL     NBA          6     0     26.2     1.2     2.8     .412     0.0     0.0          1.2     2.8     .412     1.5     2.2     .692     0.7     2.7     3.3     0.2     0.5     0.2     1.3     2.8     3.8  
1 season          MIA     NBA          3     3     32.7     1.7     4.3     .385     0.0     0.3     .000     1.7     4.0     .417     2.0     2.0     1.000     0.3     2.7     3.0     1.3     0.3     0.0     2.3     2.0     5.3  
Season   Age   Tm   Lg   Pos   G   GS   MP   FG   FGA   FG%   3P   3PA   3P%   2P   2PA   2P%   FT   FTA   FT%   ORB   DRB   TRB   AST   STL   BLK   TOV   PF   PTS 
1991-92     25     NYK     NBA     PF     12     0     288     2.4     5.4     .442     0.0     0.0          2.4     5.4     .442     2.7     3.5     .786     3.5     6.0     9.5     1.2     0.2     1.0     1.4     4.2     7.5  
1992-93     26     NYK     NBA     PF     15     0     510     5.1     8.6     .590     0.0     0.0          5.1     8.6     .590     3.0     4.8     .632     3.9     3.8     7.7     2.9     0.7     0.4     1.6     3.5     13.2  
1993-94     27     NYK     NBA     PF     25     0     660     3.7     7.5     .489     0.0     0.0          3.7     7.5     .489     3.0     4.2     .714     2.9     5.1     8.0     2.5     0.8     0.3     2.0     3.6     10.3  
1994-95     28     NYK     NBA     PF     11     0     352     3.2     5.2     .608     0.0     0.1     .000     3.2     5.1     .620     4.4     7.1     .623     2.4     4.6     7.0     2.5     0.6     0.6     2.7     2.9     10.7  
1995-96     29     NYK     NBA     SF     8     8     350     4.2     8.0     .526     0.0     0.0          4.2     8.0     .526     2.0     2.9     .679     1.7     4.6     6.4     2.7     0.4     0.1     2.1     2.1     10.4  
1996-97     30     CHH     NBA     PF     3     3     131     4.4     10.4     .421     0.0     0.0          4.4     10.4     .421     1.9     3.6     .538     2.2     7.7     9.9     2.5     0.3     0.3     2.5     1.6     10.7  
1997-98     31     CHH     NBA     PF     9     9     367     5.6     9.7     .576     0.0     0.1     .000     5.6     9.6     .582     2.5     4.1     .595     1.7     5.3     7.0     3.0     0.8     0.0     2.2     1.7     13.6  
1999-00     33     CHH     NBA     SF     4     4     179     3.6     7.6     .474     0.0     0.2     .000     3.6     7.4     .486     2.8     4.0     .700     3.2     4.6     7.8     4.4     0.8     0.0     2.6     2.6     10.1  
2000-01     34     MIA     NBA     PF     3     3     98     1.8     4.8     .385     0.0     0.4     .000     1.8     4.4     .417     2.2     2.2     1.000     0.4     2.9     3.3     1.5     0.4     0.0     2.6     2.2     5.9  
2002-03     36     MIL     NBA     C     6     0     157     1.6     3.9     .412     0.0     0.0          1.6     3.9     .412     2.1     3.0     .692     0.9     3.7     4.6     0.2     0.7     0.2     1.8     3.9     5.3  
Career               NBA          96     27     3092     3.9     7.4     .524     0.0     0.0     .000     3.9     7.4     .527     2.8     4.2     .668     2.6     4.8     7.4     2.5     0.6     0.3     2.0     3.0     10.6  
5 seasons          NYK     NBA          71     8     2160     3.8     7.2     .534     0.0     0.0     .000     3.8     7.2     .535     3.0     4.5     .674     2.9     4.7     7.7     2.4     0.6     0.4     1.9     3.3     10.7  
3 seasons          CHH     NBA          16     16     677     4.8     9.3     .520     0.0     0.1     .000     4.8     9.2     .526     2.4     4.0     .613     2.2     5.6     7.8     3.3     0.7     0.1     2.3     1.9     12.1  
1 season          MIL     NBA          6     0     157     1.6     3.9     .412     0.0     0.0          1.6     3.9     .412     2.1     3.0     .692     0.9     3.7     4.6     0.2     0.7     0.2     1.8     3.9     5.3  
1 season          MIA     NBA          3     3     98     1.8     4.8     .385     0.0     0.4     .000     1.8     4.4     .417     2.2     2.2     1.000     0.4     2.9     3.3     1.5     0.4     0.0     2.6     2.2     5.9  
Season   Age   Tm   Lg   Pos   G   GS   MP   FG   FGA   FG%   3P   3PA   3P%   2P   2PA   2P%   FT   FTA   FT%   ORB   DRB   TRB   AST   STL   BLK   TOV   PF   PTS      ORtg   DRtg 
1991-92     25     NYK     NBA     PF     12     0     288     3.7     8.5     .442     0.0     0.0          3.7     8.5     .442     4.3     5.5     .786     5.5     9.5     15.0     2.0     0.4     1.6     2.2     6.7     11.8          115     104  
1992-93     26     NYK     NBA     PF     15     0     510     7.5     12.7     .590     0.0     0.0          7.5     12.7     .590     4.5     7.1     .632     5.7     5.6     11.3     4.3     1.0     0.6     2.4     5.2     19.5          125     109  
1993-94     27     NYK     NBA     PF     25     0     660     5.6     11.4     .489     0.0     0.0          5.6     11.4     .489     4.6     6.4     .714     4.4     7.7     12.1     3.8     1.2     0.4     3.0     5.5     15.7          110     101  
1994-95     28     NYK     NBA     PF     11     0     352     4.9     8.1     .608     0.0     0.2     .000     4.9     7.9     .620     6.8     10.9     .623     3.6     7.1     10.8     3.8     0.9     0.9     4.1     4.4     16.6          112     104  
1995-96     29     NYK     NBA     SF     8     8     350     6.6     12.5     .526     0.0     0.0          6.6     12.5     .526     3.1     4.5     .679     2.7     7.2     10.0     4.2     0.6     0.2     3.2     3.2     16.2          106     105  
1996-97     30     CHH     NBA     PF     3     3     131     6.7     16.0     .421     0.0     0.0          6.7     16.0     .421     2.9     5.5     .538     3.4     11.8     15.2     3.8     0.4     0.4     3.8     2.5     16.4          92     120  
1997-98     31     CHH     NBA     PF     9     9     367     8.9     15.5     .576     0.0     0.2     .000     8.9     15.3     .582     3.9     6.6     .595     2.7     8.4     11.1     4.8     1.3     0.0     3.4     2.7     21.7          109     106  
1999-00     33     CHH     NBA     SF     4     4     179     5.7     12.0     .474     0.0     0.3     .000     5.7     11.7     .486     4.4     6.3     .700     5.0     7.3     12.3     6.9     1.3     0.0     4.1     4.1     15.8          107     110  
2000-01     34     MIA     NBA     PF     3     3     98     2.7     7.1     .385     0.0     0.5     .000     2.7     6.6     .417     3.3     3.3     1.000     0.5     4.4     4.9     2.2     0.5     0.0     3.8     3.3     8.7          79     116  
2002-03     36     MIL     NBA     C     6     0     157     2.4     5.7     .412     0.0     0.0          2.4     5.7     .412     3.0     4.4     .692     1.3     5.4     6.7     0.3     1.0     0.3     2.7     5.7     7.7          83     113  
Career               NBA          96     27     3092     5.9     11.4     .524     0.0     0.1     .000     5.9     11.3     .527     4.3     6.5     .668     4.0     7.4     11.4     3.8     1.0     0.5     3.1     4.6     16.2          110     106  
5 seasons          NYK     NBA          71     8     2160     5.9     11.0     .534     0.0     0.0     .000     5.9     11.0     .535     4.6     6.9     .674     4.5     7.3     11.7     3.7     0.9     0.7     3.0     5.0     16.4          114     104  
3 seasons          CHH     NBA          16     16     677     7.6     14.7     .520     0.0     0.2     .000     7.6     14.5     .526     3.9     6.3     .613     3.4     8.8     12.2     5.2     1.1     0.1     3.7     3.0     19.1          105     110  
1 season          MIL     NBA          6     0     157     2.4     5.7     .412     0.0     0.0          2.4     5.7     .412     3.0     4.4     .692     1.3     5.4     6.7     0.3     1.0     0.3     2.7     5.7     7.7          83     113  
1 season          MIA     NBA          3     3     98     2.7     7.1     .385     0.0     0.5     .000     2.7     6.6     .417     3.3     3.3     1.000     0.5     4.4     4.9     2.2     0.5     0.0     3.8     3.3     8.7          79     116  
Season   Age   Tm   Lg   Pos   G   MP   PER   TS%   3PAr   FTr   ORB%   DRB%   TRB%   AST%   STL%   BLK%   TOV%   USG%      OWS   DWS   WS   WS/48      OBPM   DBPM   BPM   VORP 
1991-92     25     NYK     NBA     PF     12     288     10.3     .542     .000     .651     11.7     20.6     16.1     5.4     0.4     2.0     16.6     10.7          0.2     0.5     0.8     .130          -1.6     3.5     1.8     0.1  
1992-93     26     NYK     NBA     PF     15     510     16.2     .615     .000     .557     13.1     12.7     12.9     12.8     1.0     0.8     13.1     15.4          1.3     0.5     1.7     .162          3.1     1.6     4.7     0.4  
1993-94     27     NYK     NBA     PF     25     660     13.0     .553     .000     .562     9.3     17.3     13.2     12.2     1.2     0.6     17.4     14.5          0.8     1.0     1.9     .135          0.0     1.7     1.7     0.3  
1994-95     28     NYK     NBA     PF     11     352     12.7     .645     .020     1.353     9.0     16.5     12.9     11.3     0.9     1.5     24.2     15.0          0.3     0.6     1.0     .132          0.5     1.6     2.0     0.0  
1995-96     29     NYK     NBA     SF     8     350     12.1     .559     .000     .359     6.6     14.5     10.9     13.7     0.6     0.2     18.1     15.6          0.3     0.4     0.7     .096          0.2     3.6     3.7     0.4  
1996-97     30     CHH     NBA     PF     3     131     10.9     .446     .000     .342     7.3     31.7     18.2     10.8     0.4     0.7     17.1     18.8          -0.1     -0.1     -0.2     -0.063          -7.8     1.8     -6.1     -0.1  
1997-98     31     CHH     NBA     PF     9     367     16.8     .592     .010     .424     5.8     18.1     12.0     15.8     1.3     0.0     15.8     19.1          0.5     0.3     0.8     .110          0.4     3.1     3.4     0.2  
1999-00     33     CHH     NBA     SF     4     179     14.2     .534     .026     .526     10.7     14.5     12.7     22.2     1.3     0.0     21.7     16.1          0.2     0.1     0.3     .072          -0.6     1.3     0.7     0.1  
2000-01     34     MIA     NBA     PF     3     98     3.1     .512     .077     .462     1.3     9.9     5.6     7.2     0.5     0.0     30.9     11.1          -0.1     0.0     -0.2     -0.079          -8.6     1.5     -7.1     -0.1  
2002-03     36     MIL     NBA     C     6     157     3.1     .506     .000     .765     3.1     12.0     7.7     0.9     1.0     0.5     26.0     9.2          -0.1     0.0     -0.1     -0.032          -6.4     2.4     -4.0     -0.1  
Career               NBA          96     3092     12.8     .571     .006     .572     8.8     16.5     12.6     11.9     1.0     0.7     18.0     14.9          3.3     3.4     6.7     .104          -0.5     2.2     1.7     1.3  
5 seasons          NYK     NBA          71     2160     13.2     .584     .002     .626     10.0     16.1     13.1     11.5     0.9     0.9     17.4     14.5          2.9     3.1     6.0     .134          0.6     2.2     2.8     1.3  
3 seasons          CHH     NBA          16     677     15.0     .548     .011     .429     7.4     19.8     13.4     16.5     1.1     0.1     17.5     18.3          0.6     0.3     0.9     .067          -1.5     2.4     0.9     0.3  
1 season          MIL     NBA          6     157     3.1     .506     .000     .765     3.1     12.0     7.7     0.9     1.0     0.5     26.0     9.2          -0.1     0.0     -0.1     -0.032          -6.4     2.4     -4.0     -0.1  
1 season          MIA     NBA          3     98     3.1     .512     .077     .462     1.3     9.9     5.6     7.2     0.5     0.0     30.9     11.1          -0.1     0.0     -0.2     -0.079          -8.6     1.5     -7.1     -0.1  
2000-01     34     MIA     NBA     PF     1     1     20:00     0     3     .000     0     0          0     0          2     4     1     1     0     2     2     0  
Career               NBA          1     1     20     0     3     .000     0     0          0     0          2     4     1     1     0     2     2     0  
Glen Rice     92.5     10.8     10.2     10.0     9.3     9.0     8.3     7.9     6.3     5.7     4.4     2.2     1.4     0.0  
Cliff Hagan     91.6     11.8     11.7     10.8     10.0     8.5     7.1     6.5     6.0     4.7     3.7     3.0     1.3     0.1  
Shawn Kemp     91.5     11.7     11.2     10.6     10.0     9.1     6.8     6.7     6.3     6.1     4.0     2.1     1.9     0.9  
James Worthy     90.6     10.6     9.7     9.5     9.3     9.0     7.9     7.5     6.5     5.1     3.1     3.0     0.1       
Ben Wallace     89.6     11.6     10.6     10.2     10.1     8.5     8.2     7.0     5.6     3.8     3.6     3.6     2.9     -0.2  
Bobby Jones     89.1     11.0     10.2     10.2     9.2     8.9     8.2     8.1     7.7     6.4     6.0     4.8     3.2       
Jerry Lucas     88.6     12.7     11.2     10.5     10.1     9.9     9.5     8.1     7.9     7.8     7.3     3.4            
Glen Rice     91.6     10.8     10.2     10.0     9.3     9.0     8.3     7.9     6.3     5.7     4.4     3.3     2.2     1.4     0.0     -0.1  
Cliff Hagan     91.6     11.8     11.7     10.8     10.0     8.5     7.1     6.5     6.0     4.7     3.7     3.0     1.3     0.1            
James Worthy     90.6     10.6     9.7     9.5     9.3     9.0     7.9     7.5     6.5     5.1     3.1     3.0     0.1                 
Shawn Kemp     90.4     11.7     11.2     10.6     10.0     9.1     6.8     6.7     6.3     6.1     4.0     2.1     2.0     1.9     0.9       
Bobby Jones     89.1     11.0     10.2     10.2     9.2     8.9     8.2     8.1     7.7     6.4     6.0     4.8     3.2                 
Jerry Lucas     88.6     12.7     11.2     10.5     10.1     9.9     9.5     8.1     7.9     7.8     7.3     3.4                      
Carmelo Anthony     88.0     10.7     9.5     9.4     8.2     7.9     7.9     7.3     6.2     6.1     5.0     4.9                      
October 13, 1987: Traded by the Golden State Warriors (as a future 1988 3rd round draft pick)  to the Portland Trail Blazers for Kermit Washington.
June 28, 1988: Drafted by the Portland Trail Blazers in the 3rd round (53rd pick) of the 1988 NBA Draft.
June 30, 1989: Released by the Portland Trail Blazers.
September 19, 1989: Signed as a free agent with the New Jersey Nets.
October 30, 1990: Waived by the New Jersey Nets.
December 28, 1990: Signed the first of two 10-day contracts with the Denver Nuggets.
July 30, 1991: Signed as a free agent with the New York Knicks.
July 14, 1996: Traded by the New York Knicks with Brad Lohaus to the Charlotte Hornets for Larry Johnson.
August 1, 2000: Traded by the Charlotte Hornets with Ricky Davis, Dale Ellis and Eddie Jones to the Miami Heat for P.J. Brown, Rodney Buford, Tim James, Jamal Mashburn and Otis Thorpe.
October 25, 2001: Signed as a free agent with the Milwaukee Bucks.
October 10, 2003: Waived by the Milwaukee Bucks.
