218173 214770 0 0 statistics 0 
218173 214770 0 1 history 1 
218173 214770 0 2 baseball 0 
218173 214770 0 3 reference 2 
217072 211679 0 2 baseball 0 
217072 211679 0 4 basketball 2 
217072 211679 0 5 college 1 
217072 211679 0 6 football 1 
217072 211679 0 5 college 1 
217072 211679 0 7 hockey 2 
217072 211679 0 8 olympics 1 
217072 211679 0 9 blog 1 
217072 211679 0 10 question 1 
217072 211679 0 11 comment 2 
217585 209097 0 12 ad 2 
217585 209097 0 13 free 1 
217585 209097 0 14 play 1 
217585 209097 0 15 index 1 
217585 209097 0 16 sponsor 2 
216709 214770 0 15 index 2 
217411 216869 0 17 br 2 
217411 216869 0 18 home 0 
217411 216869 0 19 encyclopedia 1 
217411 216869 0 20 players 2 
217411 216869 0 21 listing 2 
217411 216869 0 22 alex 1 
217411 216869 0 23 rodriguez 0 
217411 216869 0 0 statistics 1 
217411 216869 0 1 history 2 
217999 214016 0 9 blog 2 
217999 214016 0 24 heinie 2 
217999 214016 0 25 zimmerman 2 
217999 214016 0 26 wins 1 
217999 214016 0 27 retro 2 
217999 214016 0 28 active 1 
217999 214016 0 29 nl 0 
217999 214016 0 30 triple 2 
217999 214016 0 31 crown 1 
217904 184274 0 23 rodriguez 0 
217904 184274 0 32 player 0 
217904 184274 0 33 page 0 
218116 208370 0 34 archive 2 
217922 216401 0 35 york 1 
217922 216401 0 36 yankees 0 
217922 216401 0 37 schedule 2 
217854 176351 0 38 ads 2 
217854 176351 0 12 ad 2 
217854 176351 0 13 free 2 
218179 215207 0 39 rod 1 
218179 215207 0 40 ri 1 
218179 215207 0 41 gez 0 
217060 204043 0 42 emmanuel 1 
217060 204043 0 23 rodriguez 0 
217060 204043 0 39 rod 1 
217060 204043 0 43 twitter 1 
217060 204043 0 44 arod 2 
218051 184141 0 45 baseman 1 
218180 190790 0 46 throws 2 
218101 208386 0 47 weight 2 
218101 208386 0 48 lb 2 
217754 215046 0 35 york 0 
217754 215046 0 49 ny 1 
215033 212312 0 50 westminster 1 
215033 212312 0 51 christian 2 
215033 212312 0 52 miami 2 
215033 212312 0 53 fl 2 
217998 210268 0 54 seattle 1 
217998 210268 0 55 mariners 2 
217998 210268 0 56 st 0 
217998 210268 0 57 round 1 
217998 210268 0 56 st 0 
217998 210268 0 58 pick 1 
217998 210268 0 59 amateur 2 
217998 210268 0 60 draft 1 
218161 184274 0 61 transactions 2 
217467 176351 0 62 age 1 
217467 176351 0 56 st 0 
217467 176351 0 63 mlb 0 
217467 176351 0 1 history 0 
218045 215207 0 64 exceeded 1 
218045 215207 0 65 rookie 1 
218045 215207 0 66 limits 2 
218045 215207 0 67 season 0 
217698 97360 0 68 gp 2 
217698 97360 0 36 yankees 0 
217698 97360 0 55 mariners 1 
217698 97360 0 69 rangers 1 
217955 179219 0 70 status 2 
217955 179219 0 71 signed 2 
217955 179219 0 72 yrs 2 
217955 179219 0 73 details 2 
217668 204043 0 13 free 0 
217668 204043 0 74 agent 2 
217668 204043 0 75 agents 2 
217668 204043 0 76 jay 1 
217668 204043 0 77 reisinger 1 
217668 204043 0 78 jim 2 
217668 204043 0 79 sharp 2 
217668 204043 0 80 previously 0 
217668 204043 0 81 scott 1 
217668 204043 0 82 boras 2 
217668 204043 0 83 susy 1 
217668 204043 0 84 dunand 2 
217536 97360 0 85 team 1 
217536 97360 0 86 uniforms 2 
217536 97360 0 87 dressed 1 
217536 97360 0 88 nines 2 
217536 97360 0 2 baseball 2 
217536 97360 0 89 hall 2 
217536 97360 0 90 fame 0 
217536 97360 0 91 line 2 
217536 97360 0 92 exhibit 1 
217536 97360 0 93 report 2 
217536 97360 0 94 error 2 
217467 176351 0 33 page 0 
217467 176351 0 2 baseball 0 
217467 176351 0 3 reference 0 
217467 176351 0 95 provide 2 
217467 176351 0 96 service 1 
217467 176351 0 97 message 1 
217467 176351 0 98 replace 1 
217467 176351 0 12 ad 1 
217790 204128 0 99 sports 2 
217790 204128 0 100 fan 1 
217790 204128 0 101 sr 1 
217790 204128 0 102 ninja 1 
217790 204128 0 103 watch 1 
217790 204128 0 104 tutorial 2 
217790 204128 0 105 find 1 
217790 204128 0 33 page 0 
217541 211243 0 3 reference 0 
217541 211243 0 106 youtube 2 
217541 211243 0 107 channel 1 
217014 203140 0 108 news 2 
217251 215410 0 9 blog 2 
217251 215410 0 109 posts 0 
217251 215410 0 32 player 0 
217251 215410 0 108 news 2 
217251 215410 0 34 archive 1 
217251 215410 0 32 player 0 
217251 215410 0 108 news 2 
217251 215410 0 110 rss 2 
217251 215410 0 111 feed 2 
217251 215410 0 112 hide 2 
217251 215410 0 113 stories 2 
217950 199894 0 114 yanks 0 
217950 199894 0 115 yard 1 
217950 199894 0 36 yankees 0 
217950 199894 0 116 editorial 0 
217950 199894 0 22 alex 0 
217950 199894 0 23 rodriguez 0 
217950 199894 0 117 begin 2 
217950 199894 0 118 show 1 
217950 199894 0 36 yankees 0 
217950 199894 0 108 news 2 
217950 199894 0 119 broke 2 
217950 199894 0 120 month 0 
217950 199894 0 35 york 0 
217950 199894 0 36 yankees 0 
217950 199894 0 121 received 1 
218121 201254 0 2 baseball 0 
218121 201254 0 122 junkies 1 
218121 201254 0 123 top 1 
218121 201254 0 124 shortstops 2 
218121 201254 0 125 time 1 
218121 201254 0 126 list 0 
218121 201254 0 127 similar 1 
218121 201254 0 128 base 2 
218121 201254 0 129 counterparts 2 
218121 201254 0 125 time 1 
218085 201343 0 130 bronxpinstripes 1 
218085 201343 0 36 yankees 0 
218085 201343 0 131 win 1 
218085 201343 0 132 al 0 
218085 201343 0 133 east 1 
218085 201343 0 134 repeat 1 
218085 201343 0 36 yankees 0 
218085 201343 0 131 win 1 
218085 201343 0 132 al 0 
218085 201343 0 133 east 1 
217781 199863 0 135 bronx 0 
217781 199863 0 2 baseball 0 
217781 199863 0 136 daily 2 
217781 199863 0 137 spring 0 
217781 199863 0 138 training 2 
217781 199863 0 139 notes 2 
217781 199863 0 140 beltran 2 
217781 199863 0 141 ellsbury 2 
217781 199863 0 142 nova 2 
217781 199863 0 23 rodriguez 0 
217781 199863 0 143 raining 2 
217781 199863 0 144 tampa 2 
217781 199863 0 10 question 1 
217788 211243 0 145 outsidepitchmlb 2 
217788 211243 0 123 top 2 
217788 211243 0 146 major 2 
217788 211243 0 147 league 0 
217788 211243 0 2 baseball 0 
217788 211243 0 148 late 1 
217788 211243 0 149 night 2 
217788 211243 0 150 television 2 
217788 211243 0 151 appearances 2 
217788 211243 0 152 announcement 2 
217788 211243 0 153 texas 1 
217788 211243 0 154 senator 2 
217788 211243 0 155 ted 2 
217788 211243 0 156 cruzs 1 
217788 211243 0 157 campaign 2 
217981 215424 0 113 stories 2 
218087 208386 0 158 addiction 2 
218087 208386 0 159 girardi 1 
218087 208386 0 160 partially 2 
218087 208386 0 161 blame 2 
218087 208386 0 162 pirela 1 
218087 208386 0 163 injury 1 
218087 208386 0 164 yesterday 2 
218087 208386 0 165 morning 1 
218087 208386 0 166 discovered 2 
218087 208386 0 167 jose 2 
218087 208386 0 162 pirela 1 
217545 216401 0 168 canadian 2 
217545 216401 0 2 baseball 0 
217545 216401 0 169 network 2 
217545 216401 0 170 young 1 
217545 216401 0 171 eyes 1 
217545 216401 0 172 jays 1 
217545 216401 0 173 short 1 
217545 216401 0 174 arms 1 
217545 216401 0 175 blue 0 
217545 216401 0 172 jays 2 
217545 216401 0 176 dont 1 
217545 216401 0 177 pitching 1 
217545 216401 0 178 reach 1 
217545 216401 0 179 post 2 
217545 216401 0 67 season 0 
217145 197718 0 180 mlbtraderumors 1 
217145 197718 0 181 teams 1 
217145 197718 0 182 spend 1 
217145 197718 0 183 heavily 1 
217145 197718 0 184 winter 2 
217145 197718 0 185 nationals 2 
217145 197718 0 186 red 1 
217145 197718 0 187 sox 1 
217145 197718 0 188 cubs 0 
217145 197718 0 189 white 1 
217145 197718 0 187 sox 1 
217145 197718 0 190 biggest 1 
217145 197718 0 191 spenders 1 
218177 198107 0 192 mets 2 
218177 198107 0 193 chronicle 1 
218177 198107 0 194 happy 2 
218177 198107 0 195 recap 2 
218177 198107 0 196 game 0 
218177 198107 0 36 yankees 0 
218177 198107 0 192 mets 1 
218177 198107 0 197 harvey 1 
218177 198107 0 198 great 2 
218177 198107 0 114 yanks 0 
218177 198107 0 199 lagares 2 
218177 198107 0 200 hits 1 
218177 198107 0 201 inside 2 
218177 198107 0 202 park 1 
218177 198107 0 203 hr 2 
218177 198107 0 194 happy 2 
218177 198107 0 195 recap 2 
218177 198107 0 196 game 1 
218177 198107 0 36 yankees 0 
218177 198107 0 192 mets 2 
218177 198107 0 197 harvey 1 
217733 217551 0 204 bleeding 2 
217733 217551 0 205 yankee 0 
217733 217551 0 175 blue 0 
217733 217551 0 44 arod 2 
217733 217551 0 206 cuz 1 
217733 217551 0 207 plead 1 
217733 217551 0 208 guilty 1 
217733 217551 0 209 tale 2 
217733 217551 0 210 finally 1 
217733 217551 0 211 begins 2 
217733 217551 0 212 close 1 
217733 217551 0 213 yuri 2 
217733 217551 0 214 sucart 1 
217733 217551 0 215 expected 1 
217781 199863 0 205 yankee 0 
217781 199863 0 158 addiction 0 
217781 199863 0 22 alex 0 
217781 199863 0 23 rodriguez 0 
217781 199863 0 216 make 0 
217781 199863 0 217 fools 1 
217781 199863 0 218 ve 2 
217781 199863 0 219 read 2 
217781 199863 0 220 previous 2 
217781 199863 0 109 posts 0 
217781 199863 0 22 alex 0 
217781 199863 0 23 rodriguez 0 
217251 215410 0 114 yanks 0 
217251 215410 0 115 yard 2 
217251 215410 0 36 yankees 0 
217251 215410 0 108 news 2 
217251 215410 0 205 yankee 0 
217251 215410 0 221 owner 2 
217251 215410 0 222 hal 1 
217251 215410 0 223 steinbrenner 1 
217251 215410 0 224 holds 1 
217251 215410 0 225 back 2 
217251 215410 0 226 punches 1 
217251 215410 0 222 hal 1 
217251 215410 0 223 steinbrenner 1 
217251 215410 0 227 father 1 
217251 215410 0 228 george 1 
217251 215410 0 223 steinbrenner 1 
216204 206940 0 205 yankee 0 
216204 206940 0 158 addiction 0 
216204 206940 0 229 greg 2 
216204 206940 0 230 bird 1 
216204 206940 0 36 yankees 0 
216204 206940 0 231 roster 1 
216204 206940 0 164 yesterday 2 
216204 206940 0 36 yankees 0 
216204 206940 0 232 made 0 
216204 206940 0 57 round 2 
216204 206940 0 233 cuts 2 
216204 206940 0 234 included 1 
217997 215883 0 205 yankee 0 
217997 215883 0 158 addiction 0 
217997 215883 0 114 yanks 0 
217997 215883 0 163 injury 0 
217997 215883 0 235 doomsday 2 
217997 215883 0 67 season 0 
217997 215883 0 36 yankees 0 
217997 215883 0 232 made 0 
217997 215883 0 231 roster 2 
217997 215883 0 67 season 0 
217991 216170 0 205 yankee 2 
217991 216170 0 158 addiction 0 
217991 216170 0 236 playing 0 
217991 216170 0 196 game 0 
217991 216170 0 237 things 1 
217991 216170 0 36 yankees 0 
217991 216170 0 67 season 0 
217991 216170 0 238 order 2 
217623 208370 0 239 motor 2 
217623 208370 0 240 city 2 
217623 208370 0 241 bengals 2 
217623 208370 0 242 alfredo 2 
217623 208370 0 243 simon 2 
217623 208370 0 244 awful 2 
217623 208370 0 245 detroit 2 
217623 208370 0 246 tigers 2 
217623 208370 0 247 blown 2 
217623 208370 0 248 solid 1 
217623 208370 0 249 outings 1 
217623 208370 0 242 alfredo 2 
217623 208370 0 243 simon 2 
217623 208370 0 245 detroit 2 
217623 208370 0 246 tigers 2 
217451 200488 0 135 bronx 2 
217451 200488 0 2 baseball 0 
217451 200488 0 136 daily 2 
217451 200488 0 23 rodriguez 0 
217451 200488 0 250 homers 1 
217451 200488 0 251 victory 2 
217451 200488 0 246 tigers 1 
217451 200488 0 252 loss 1 
217451 200488 0 149 night 2 
217451 200488 0 36 yankees 0 
217451 200488 0 253 headed 1 
217451 200488 0 254 lakeland 1 
217496 215661 0 130 bronxpinstripes 1 
217496 215661 0 137 spring 0 
217496 215661 0 138 training 0 
217496 215661 0 196 game 2 
217496 215661 0 255 early 1 
217496 215661 0 256 offense 1 
217496 215661 0 257 fuels 2 
217496 215661 0 131 win 2 
217496 215661 0 36 yankees 0 
217496 215661 0 258 hit 2 
217496 215661 0 259 cycle 2 
217496 215661 0 260 run 2 
217496 215661 0 261 inning 2 
217496 215661 0 179 post 2 
218114 214770 0 262 world 2 
218114 214770 0 263 series 1 
218114 214770 0 264 dreaming 1 
218114 214770 0 265 ballad 2 
218114 214770 0 266 starlin 2 
218114 214770 0 267 castro 2 
218114 214770 0 268 internet 1 
218114 214770 0 269 give 1 
218114 214770 0 270 hot 2 
218114 214770 0 271 takes 2 
218114 214770 0 272 dive 1 
217744 168762 0 130 bronxpinstripes 2 
217744 168762 0 137 spring 0 
217744 168762 0 138 training 0 
217744 168762 0 196 game 0 
217744 168762 0 273 lineup 1 
217744 168762 0 274 snow 2 
217744 168762 0 275 greets 1 
217744 168762 0 276 ti 1 
217744 168762 0 277 state 1 
217744 168762 0 278 area 1 
217744 168762 0 279 afternoon 2 
217744 168762 0 36 yankees 0 
218119 164680 0 168 canadian 2 
218119 164680 0 2 baseball 2 
218119 164680 0 169 network 2 
218119 164680 0 280 experiencing 1 
218119 164680 0 223 steinbrenner 1 
218119 164680 0 281 field 2 
218119 164680 0 282 trip 2 
218119 164680 0 223 steinbrenner 1 
218119 164680 0 281 field 2 
218119 164680 0 234 included 2 
218119 164680 0 283 likes 2 
217861 216699 0 284 sodo 1 
217861 216699 0 285 mojo 0 
217861 216699 0 54 seattle 1 
217861 216699 0 55 mariners 2 
217861 216699 0 286 unveil 1 
217861 216699 0 287 commercials 1 
217861 216699 0 288 unveiling 2 
217861 216699 0 54 seattle 1 
217861 216699 0 55 mariners 2 
217861 216699 0 287 commercials 1 
217938 164680 0 135 bronx 0 
217938 164680 0 2 baseball 0 
217938 164680 0 136 daily 1 
217938 164680 0 137 spring 0 
217938 164680 0 138 training 0 
217938 164680 0 139 notes 1 
217938 164680 0 23 rodriguez 0 
217938 164680 0 289 ryan 1 
217938 164680 0 290 heres 1 
217938 164680 0 137 spring 0 
217938 164680 0 138 training 1 
217938 164680 0 139 notes 1 
217938 164680 0 291 hold 2 
217983 204043 0 130 bronxpinstripes 1 
217983 204043 0 137 spring 0 
217983 204043 0 138 training 0 
217983 204043 0 196 game 2 
217983 204043 0 273 lineup 0 
217983 204043 0 36 yankees 0 
217983 204043 0 292 face 2 
217983 204043 0 293 phillies 2 
217983 204043 0 294 tonight 2 
217983 204043 0 144 tampa 1 
217983 204043 0 228 george 0 
217484 205997 0 204 bleeding 1 
217484 205997 0 205 yankee 0 
217484 205997 0 175 blue 0 
217484 205997 0 22 alex 0 
217484 205997 0 23 rodriguez 1 
217484 205997 0 295 mentor 1 
217484 205997 0 296 negative 1 
217484 205997 0 297 press 2 
217484 205997 0 298 surrounded 2 
217484 205997 0 22 alex 0 
217484 205997 0 23 rodriguez 0 
217484 205997 0 299 johnny 1 
217484 205997 0 2 baseball 0 
217484 205997 0 300 clubhouse 2 
217484 205997 0 39 rod 0 
217484 205997 0 225 back 1 
217484 205997 0 301 games 0 
217484 205997 0 137 spring 0 
217484 205997 0 138 training 0 
217484 205997 0 302 serving 2 
217484 205997 0 303 yearlong 1 
218021 3 0 304 da 2 
218021 3 0 305 windy 2 
218021 3 0 240 city 1 
218021 3 0 306 kris 1 
218021 3 0 307 bryant 2 
218021 3 0 308 middle 1 
218021 3 0 309 chicago 2 
218021 3 0 188 cubs 2 
218021 3 0 81 scott 2 
218021 3 0 82 boras 2 
218021 3 0 310 fight 1 
218021 3 0 311 battle 2 
218021 3 0 306 kris 1 
218021 3 0 307 bryant 2 
218021 3 0 309 chicago 2 
218021 3 0 188 cubs 2 
217597 211645 0 145 outsidepitchmlb 1 
217597 211645 0 312 pete 2 
217597 211645 0 313 rose 2 
217597 211645 0 313 rose 2 
217597 211645 0 314 thorn 2 
217597 211645 0 312 pete 1 
217597 211645 0 313 rose 2 
217597 211645 0 2 baseball 0 
218029 206940 0 315 isportsweb 2 
218029 206940 0 35 york 0 
218029 206940 0 36 yankees 0 
218029 206940 0 316 preview 1 
218029 206940 0 317 derek 1 
218029 206940 0 318 jeter 1 
218029 206940 0 319 farewellswan 2 
218029 206940 0 320 song 1 
218029 206940 0 67 season 0 
218029 206940 0 321 masked 2 
218029 206940 0 322 fact 1 
217987 204043 0 114 yanks 0 
217987 204043 0 115 yard 2 
217987 204043 0 22 alex 0 
217987 204043 0 23 rodriguez 2 
217987 204043 0 323 positive 2 
217987 204043 0 324 influence 2 
217987 204043 0 325 prospects 1 
217987 204043 0 146 major 2 
217987 204043 0 326 headline 2 
217987 204043 0 2 baseball 0 
217987 204043 0 137 spring 0 
217987 204043 0 327 beenabout 1 
216204 206940 0 205 yankee 0 
216204 206940 0 158 addiction 2 
216204 206940 0 229 greg 2 
216204 206940 0 230 bird 2 
216204 206940 0 36 yankees 0 
216204 206940 0 231 roster 1 
216204 206940 0 164 yesterday 2 
216204 206940 0 36 yankees 0 
216204 206940 0 232 made 0 
216204 206940 0 57 round 2 
216204 206940 0 233 cuts 2 
216204 206940 0 234 included 1 
218031 214016 0 114 yanks 0 
218031 214016 0 115 yard 0 
218031 214016 0 36 yankees 0 
218031 214016 0 116 editorial 1 
218031 214016 0 22 alex 0 
218031 214016 0 23 rodriguez 0 
218031 214016 0 128 base 1 
218031 214016 0 328 experiment 2 
218031 214016 0 22 alex 0 
218031 214016 0 23 rodriguez 0 
218031 214016 0 328 experiment 2 
218031 214016 0 128 base 2 
217450 197273 0 128 base 1 
217450 197273 0 329 talk 1 
217450 197273 0 63 mlb 1 
217450 197273 0 330 retires 2 
217450 197273 0 331 paper 2 
217450 197273 0 332 star 2 
217450 197273 0 333 ballots 0 
217450 197273 0 334 advancement 2 
217450 197273 0 335 modern 1 
217450 197273 0 336 technology 2 
217450 197273 0 337 communication 1 
217450 197273 0 338 transformed 1 
217888 209258 0 339 tomahawk 1 
217888 209258 0 340 atlanta 1 
217888 209258 0 341 braves 1 
217888 209258 0 108 news 2 
217888 209258 0 165 morning 2 
217888 209258 0 342 chop 2 
217888 209258 0 343 comcast 1 
217888 209258 0 344 deal 2 
217888 209258 0 341 braves 1 
217888 209258 0 36 yankees 0 
217888 209258 0 340 atlanta 1 
217888 209258 0 341 braves 1 
217888 209258 0 341 braves 1 
217888 209258 0 345 finalize 2 
217888 209258 0 346 multiyear 1 
217888 209258 0 347 partnership 1 
217888 209258 0 343 comcast 1 
217585 209097 0 145 outsidepitchmlb 1 
217585 209097 0 348 passing 2 
217585 209097 0 349 baton 2 
217585 209097 0 317 derek 1 
217585 209097 0 350 didi 1 
217585 209097 0 351 darrell 2 
217585 209097 0 352 samuels 1 
217585 209097 0 43 twitter 1 
217585 209097 0 351 darrell 2 
217585 209097 0 352 samuels 1 
217585 209097 0 35 york 0 
217585 209097 0 36 yankees 0 
217558 210268 0 175 blue 0 
217558 210268 0 172 jays 2 
217558 210268 0 353 hutchison 1 
217558 210268 0 267 castro 2 
217558 210268 0 354 osuna 1 
217558 210268 0 355 shine 1 
217558 210268 0 36 yankees 0 
217558 210268 0 164 yesterday 2 
217558 210268 0 356 long 1 
217558 210268 0 357 day 2 
217558 210268 0 358 wanted 0 
217558 210268 0 359 thoughts 2 
215897 209258 0 204 bleeding 1 
215897 209258 0 205 yankee 0 
215897 209258 0 175 blue 2 
215897 209258 0 360 byb 1 
215897 209258 0 270 hot 2 
215897 209258 0 361 stove 2 
215897 209258 0 362 volume 2 
215897 209258 0 363 xix 1 
215897 209258 0 364 focus 2 
215897 209258 0 365 week 2 
215897 209258 0 137 spring 0 
215897 209258 0 138 training 0 
215897 209258 0 366 highs 1 
215897 209258 0 367 lows 1 
217433 184274 0 205 yankee 1 
217433 184274 0 158 addiction 0 
217433 184274 0 114 yanks 2 
217433 184274 0 163 injury 0 
217433 184274 0 235 doomsday 2 
217433 184274 0 67 season 0 
217433 184274 0 36 yankees 0 
217433 184274 0 232 made 1 
217433 184274 0 231 roster 1 
217433 184274 0 67 season 0 
218036 211645 0 145 outsidepitchmlb 2 
218036 211645 0 368 managers 2 
218036 211645 0 369 fired 2 
218036 211645 0 67 season 2 
218036 211645 0 370 pro 2 
218036 211645 0 2 baseball 1 
218036 211645 0 67 season 2 
218036 211645 0 371 bound 1 
217769 201254 0 372 baseballhotcorner 0 
217769 201254 0 373 opening 1 
217769 201254 0 357 day 1 
217769 201254 0 316 preview 1 
217769 201254 0 35 york 1 
217769 201254 0 36 yankees 0 
217769 201254 0 35 york 1 
217769 201254 0 36 yankees 0 
217769 201254 0 373 opening 1 
217769 201254 0 357 day 1 
217769 201254 0 316 preview 1 
217769 201254 0 35 york 1 
216709 214770 0 374 money 1 
216709 214770 0 375 stupid 1 
216709 214770 0 137 spring 0 
216709 214770 0 138 training 0 
216709 214770 0 196 game 0 
216709 214770 0 376 return 1 
216709 214770 0 377 cc 1 
216709 214770 0 378 sabathia 1 
216709 214770 0 379 forgot 2 
216709 214770 0 380 annoying 2 
216709 214770 0 381 sunday 1 
216709 214770 0 357 day 2 
216709 214770 0 196 game 1 
216709 214770 0 382 tuesday 1 
216709 214770 0 149 night 1 
216709 214770 0 196 game 0 
216709 214770 0 130 bronxpinstripes 2 
216709 214770 0 137 spring 0 
216709 214770 0 138 training 0 
216709 214770 0 196 game 0 
216709 214770 0 273 lineup 0 
216709 214770 0 377 cc 1 
216709 214770 0 378 sabathia 1 
216709 214770 0 383 makes 2 
216709 214770 0 376 return 1 
216709 214770 0 384 mound 2 
216709 214770 0 294 tonight 2 
216709 214770 0 36 yankees 0 
217869 193872 0 339 tomahawk 2 
217869 193872 0 385 correction 1 
217869 193872 0 386 contracts 1 
217869 193872 0 387 callaspo 1 
217869 193872 0 340 atlanta 2 
217869 193872 0 341 braves 2 
217869 193872 0 388 created 1 
217869 193872 0 389 confusion 1 
217869 193872 0 390 past 1 
217869 193872 0 391 days 1 
218145 211748 0 392 foros 1 
218145 211748 0 393 de 2 
218145 211748 0 394 planeta 1 
218145 211748 0 395 beisbol 1 
218145 211748 0 396 cooperstown 1 
218145 211748 0 397 posibles 1 
218145 211748 0 398 hofers 1 
218145 211748 0 399 entre 2 
218145 211748 0 400 los 1 
218145 211748 0 401 peloteros 2 
218145 211748 0 402 activos 2 
218145 211748 0 403 alberto 2 
218145 211748 0 404 silva 1 
218145 211748 0 405 escribi 2 
218145 211748 0 406 ejercicio 1 
218145 211748 0 407 muy 2 
218145 211748 0 408 difcil 2 
218145 211748 0 409 es 2 
218145 211748 0 410 el 2 
218145 211748 0 393 de 2 
218145 211748 0 411 pronosticar 1 
218003 216869 0 114 yanks 2 
218003 216869 0 115 yard 0 
218003 216869 0 36 yankees 1 
218003 216869 0 116 editorial 0 
218003 216869 0 412 networks 1 
218003 216869 0 413 ignore 2 
218003 216869 0 414 successful 2 
218003 216869 0 22 alex 1 
218003 216869 0 23 rodriguez 0 
218003 216869 0 373 opening 1 
218003 216869 0 357 day 1 
218003 216869 0 376 return 1 
218003 216869 0 22 alex 1 
218003 216869 0 23 rodriguez 0 
218003 216869 0 415 draws 2 
218172 171873 0 374 money 1 
218172 171873 0 375 stupid 0 
218172 171873 0 416 iiatms 1 
218172 171873 0 123 top 2 
218172 171873 0 417 moment 1 
218172 171873 0 418 alds 2 
218172 171873 0 196 game 0 
218172 171873 0 419 courtesy 2 
218172 171873 0 78 jim 1 
218172 171873 0 420 mcisaac 1 
218172 171873 0 421 getty 1 
218172 171873 0 422 images 1 
218172 171873 0 423 mark 2 
218172 171873 0 424 teixeira 1 
218172 171873 0 22 alex 0 
218172 171873 0 23 rodriguez 0 
217831 211748 0 130 bronxpinstripes 2 
217831 211748 0 36 yankees 0 
217831 211748 0 425 records 2 
217831 211748 0 426 milestones 2 
217831 211748 0 425 records 2 
217831 211748 0 232 made 0 
217831 211748 0 427 broken 2 
217831 211748 0 428 youre 1 
217831 211748 0 35 york 0 
218084 210532 0 204 bleeding 2 
218084 210532 0 205 yankee 0 
218084 210532 0 175 blue 0 
218084 210532 0 20 players 1 
218084 210532 0 429 association 2 
218084 210532 0 430 moves 2 
218084 210532 0 44 arod 1 
218084 210532 0 431 lawsuit 1 
218084 210532 0 432 quick 2 
218084 210532 0 433 note 2 
218084 210532 0 434 tony 1 
218084 210532 0 435 clark 2 
218084 210532 0 63 mlb 1 
218084 210532 0 20 players 1 
218084 210532 0 429 association 2 
218084 210532 0 44 arod 1 
218181 206801 0 135 bronx 0 
218181 206801 0 2 baseball 0 
218181 206801 0 136 daily 2 
218181 206801 0 436 weve 1 
218181 206801 0 437 learned 2 
218181 206801 0 137 spring 0 
218181 206801 0 138 training 0 
218181 206801 0 438 weeks 2 
218181 206801 0 36 yankees 0 
218181 206801 0 137 spring 0 
218181 206801 0 138 training 1 
218181 206801 0 439 camp 1 
218108 188391 0 205 yankee 0 
218108 188391 0 158 addiction 0 
218108 188391 0 236 playing 2 
218108 188391 0 196 game 0 
218108 188391 0 237 things 1 
218108 188391 0 36 yankees 0 
218108 188391 0 67 season 0 
218108 188391 0 238 order 2 
217985 194566 0 114 yanks 0 
217985 194566 0 115 yard 0 
217985 194566 0 36 yankees 0 
217985 194566 0 116 editorial 0 
217985 194566 0 22 alex 0 
217985 194566 0 23 rodriguez 0 
217985 194566 0 440 bat 2 
217985 194566 0 308 middle 2 
217985 194566 0 273 lineup 2 
217985 194566 0 441 entering 2 
217985 194566 0 137 spring 0 
217985 194566 0 138 training 0 
217985 194566 0 35 york 2 
217985 194566 0 36 yankees 0 
217985 194566 0 442 idea 1 
217784 189016 0 443 statliners 2 
217784 189016 0 22 alex 0 
217784 189016 0 23 rodriguez 0 
217784 189016 0 444 good 1 
217784 189016 0 445 negativity 1 
217784 189016 0 446 surrounding 1 
217784 189016 0 22 alex 0 
217784 189016 0 23 rodriguez 0 
217784 189016 0 390 past 2 
218042 214016 0 114 yanks 0 
218042 214016 0 115 yard 0 
218042 214016 0 36 yankees 0 
218042 214016 0 116 editorial 1 
218042 214016 0 135 bronx 0 
218042 214016 0 447 boiling 1 
218042 214016 0 448 prayforopeningday 1 
218042 214016 0 449 point 1 
218042 214016 0 450 im 2 
218042 214016 0 451 tired 2 
218042 214016 0 452 questions 1 
216952 212611 0 36 yankees 0 
216952 212611 0 453 unscripted 2 
216952 212611 0 36 yankees 0 
216952 212611 0 454 weekend 1 
216952 212611 0 108 news 1 
216952 212611 0 455 wrap 0 
216952 212611 0 456 eovaldi 2 
216952 212611 0 457 showing 2 
216952 212611 0 458 promise 2 
216952 212611 0 282 trip 2 
216952 212611 0 384 mound 1 
216952 212611 0 137 spring 2 
216952 212611 0 35 york 1 
216952 212611 0 36 yankees 0 
216952 212611 0 459 hander 1 
218044 197273 0 114 yanks 2 
218044 197273 0 115 yard 2 
218044 197273 0 205 yankee 0 
218044 197273 0 195 recap 2 
218044 197273 0 460 nathan 1 
218044 197273 0 456 eovaldi 2 
218044 197273 0 461 strong 1 
218044 197273 0 462 outing 2 
218044 197273 0 463 helps 1 
218044 197273 0 36 yankees 0 
218044 197273 0 131 win 1 
218044 197273 0 460 nathan 1 
218044 197273 0 456 eovaldi 2 
218044 197273 0 464 continues 1 
218044 197273 0 465 fantastic 2 
218044 197273 0 137 spring 0 
218044 197273 0 466 pitched 2 
218109 214016 0 172 jays 1 
218109 214016 0 467 journal 1 
218109 214016 0 175 blue 0 
218109 214016 0 172 jays 1 
218109 214016 0 468 podcast 1 
218109 214016 0 469 video 2 
218109 214016 0 132 al 0 
218109 214016 0 133 east 2 
218109 214016 0 316 preview 2 
218109 214016 0 365 week 2 
218109 214016 0 470 episode 2 
218109 214016 0 172 jays 1 
218109 214016 0 471 nest 1 
218109 214016 0 472 discussed 2 
217386 207790 0 473 elorater 2 
218037 176351 0 73 details 2 
218037 176351 0 474 updated 1 
218037 176351 0 475 mar 2 
218037 176351 0 476 pm 1 
218039 199863 0 477 rank 1 
218039 199863 0 478 batters 2 
218039 199863 0 479 gary 1 
218039 199863 0 480 carter 2 
218039 199863 0 481 yogi 0 
218039 199863 0 482 berra 2 
218039 199863 0 483 joe 2 
218039 199863 0 484 cronin 1 
218039 199863 0 22 alex 0 
218039 199863 0 23 rodriguez 0 
218039 199863 0 485 pee 1 
218039 199863 0 486 wee 0 
218039 199863 0 487 reese 1 
218039 199863 0 488 roger 2 
218039 199863 0 489 connor 2 
218039 199863 0 490 cesar 2 
218039 199863 0 491 cedenovote 1 
215463 199894 0 137 spring 0 
215463 199894 0 138 training 0 
16 3 0 492 tm 1 
16 3 0 62 age 2 
16 3 0 493 gs 2 
16 3 0 494 pa 1 
16 3 0 495 ab 1 
16 3 0 203 hr 2 
16 3 0 496 rbi 2 
16 3 0 497 sb 1 
16 3 0 498 cs 0 
16 3 0 499 bb 2 
16 3 0 500 ba 2 
16 3 0 501 obp 1 
16 3 0 502 slg 2 
16 3 0 503 ops 2 
16 3 0 504 tb 2 
16 3 0 505 gdp 2 
16 3 0 506 hbp 1 
16 3 0 507 sh 2 
16 3 0 508 sf 2 
16 3 0 509 ibb 2 
16 3 0 510 oppqual 1 
217119 198107 0 511 batting 0 
218088 189016 0 512 logs 1 
218088 189016 0 513 postseason 1 
218032 198906 0 514 career 1 
218203 203140 0 515 log 2 
218003 216869 0 516 pitcher 2 
217912 210555 0 196 game 0 
16 3 0 62 age 2 
16 3 0 492 tm 1 
16 3 0 517 lg 2 
16 3 0 494 pa 0 
16 3 0 495 ab 1 
16 3 0 203 hr 2 
16 3 0 496 rbi 2 
16 3 0 497 sb 1 
16 3 0 498 cs 2 
16 3 0 499 bb 2 
16 3 0 500 ba 2 
16 3 0 501 obp 2 
16 3 0 502 slg 2 
16 3 0 503 ops 2 
16 3 0 503 ops 2 
16 3 0 504 tb 2 
16 3 0 505 gdp 2 
16 3 0 506 hbp 2 
16 3 0 507 sh 2 
16 3 0 508 sf 2 
16 3 0 509 ibb 2 
16 3 0 518 pos 2 
16 3 0 519 awards 2 
215834 207777 0 520 sea 0 
215834 207777 0 521 min 1 
215834 207777 0 522 aaa 0 
215834 207777 0 523 aa 2 
215834 207777 0 524 app 2 
215834 207777 0 525 cgy 2 
215834 207777 0 526 jck 1 
215834 207777 0 527 midw 1 
215834 207777 0 528 pcl 2 
215834 207777 0 529 soul 1 
218142 210719 0 520 sea 0 
218142 210719 0 132 al 0 
216801 211884 0 520 sea 2 
216801 211884 0 521 min 1 
216801 211884 0 522 aaa 2 
216801 211884 0 530 tac 2 
216801 211884 0 528 pcl 2 
218188 204128 0 520 sea 0 
218188 204128 0 132 al 0 
216801 211884 0 520 sea 0 
216801 211884 0 521 min 1 
216801 211884 0 522 aaa 2 
216801 211884 0 530 tac 2 
216801 211884 0 528 pcl 2 
218109 214016 0 520 sea 0 
218109 214016 0 132 al 0 
218109 214016 0 531 mvp 0 
218109 214016 0 532 ss 0 
217267 164680 0 520 sea 0 
217267 164680 0 132 al 0 
217467 176351 0 520 sea 0 
217467 176351 0 132 al 0 
217467 176351 0 531 mvp 0 
217467 176351 0 532 ss 0 
217125 214737 0 520 sea 0 
217125 214737 0 132 al 0 
217125 214737 0 531 mvp 0 
217125 214737 0 532 ss 0 
216664 215207 0 520 sea 0 
216664 215207 0 132 al 0 
216664 215207 0 531 mvp 0 
216664 215207 0 532 ss 0 
218205 189016 0 533 tex 0 
218205 189016 0 132 al 0 
218205 189016 0 531 mvp 0 
218205 189016 0 532 ss 0 
217125 214737 0 533 tex 2 
217125 214737 0 132 al 0 
217125 214737 0 531 mvp 0 
217125 214737 0 534 gg 0 
217125 214737 0 532 ss 0 
218170 210719 0 533 tex 0 
218170 210719 0 132 al 0 
218170 210719 0 531 mvp 0 
218170 210719 0 534 gg 0 
218170 210719 0 532 ss 0 
217484 205997 0 535 nyy 0 
217484 205997 0 132 al 0 
217484 205997 0 531 mvp 0 
218101 208386 0 535 nyy 0 
218101 208386 0 132 al 0 
218101 208386 0 531 mvp 0 
218101 208386 0 532 ss 0 
217689 168762 0 535 nyy 1 
217689 168762 0 132 al 0 
217689 168762 0 531 mvp 0 
218156 199894 0 535 nyy 0 
218156 199894 0 132 al 0 
218156 199894 0 531 mvp 0 
218156 199894 0 532 ss 0 
217411 216869 0 535 nyy 0 
217411 216869 0 132 al 0 
217411 216869 0 531 mvp 0 
217411 216869 0 532 ss 0 
216239 198107 0 535 nyy 0 
216239 198107 0 132 al 0 
216239 198107 0 531 mvp 0 
216647 189016 0 535 nyy 0 
216647 189016 0 132 al 0 
216647 189016 0 531 mvp 0 
217396 206940 0 535 nyy 0 
217396 206940 0 521 min 0 
217396 206940 0 522 aaa 0 
217396 206940 0 536 tam 2 
217396 206940 0 537 swb 2 
217396 206940 0 538 flor 2 
217396 206940 0 539 il 2 
218176 215410 0 535 nyy 0 
218176 215410 0 132 al 0 
218135 211590 0 535 nyy 0 
218135 211590 0 521 min 2 
218135 211590 0 536 tam 1 
218135 211590 0 538 flor 2 
218206 216699 0 535 nyy 0 
218206 216699 0 132 al 0 
217396 206940 0 535 nyy 0 
217396 206940 0 521 min 1 
217396 206940 0 522 aaa 0 
217396 206940 0 523 aa 1 
217396 206940 0 536 tam 2 
217396 206940 0 537 swb 2 
217396 206940 0 540 tre 1 
217396 206940 0 541 chs 2 
217396 206940 0 538 flor 2 
217396 206940 0 539 il 2 
217396 206940 0 410 el 2 
217396 206940 0 542 sall 1 
218097 184141 0 535 nyy 0 
218097 184141 0 132 al 0 
218176 215410 0 543 avg 1 
16 3 0 494 pa 1 
16 3 0 495 ab 0 
16 3 0 203 hr 2 
16 3 0 496 rbi 2 
16 3 0 497 sb 1 
16 3 0 498 cs 2 
16 3 0 499 bb 2 
16 3 0 500 ba 2 
16 3 0 501 obp 2 
16 3 0 502 slg 2 
16 3 0 503 ops 2 
16 3 0 503 ops 2 
16 3 0 504 tb 2 
16 3 0 505 gdp 2 
16 3 0 506 hbp 2 
16 3 0 507 sh 2 
16 3 0 508 sf 2 
16 3 0 509 ibb 2 
16 3 0 518 pos 2 
16 3 0 519 awards 2 
217731 201726 0 72 yrs 2 
218099 194566 0 72 yrs 1 
217963 217962 0 72 yrs 2 
216978 210555 0 544 speed 2 
216978 210555 0 545 sites 2 
216978 210555 0 99 sports 2 
216978 210555 0 3 reference 0 
216978 210555 0 12 ad 2 
216978 210555 0 13 free 2 
218039 199863 0 478 batters 2 
217127 189016 0 546 explained 1 
217127 189016 0 531 mvp 0 
217127 189016 0 547 starter 2 
217127 189016 0 548 repl 2 
196429 188522 0 62 age 1 
196429 188522 0 492 tm 1 
196429 188522 0 517 lg 1 
196429 188522 0 494 pa 2 
196429 188522 0 549 rbat 2 
196429 188522 0 550 rbaser 2 
196429 188522 0 551 rdp 2 
196429 188522 0 552 rfield 1 
196429 188522 0 553 rpos 1 
196429 188522 0 554 raa 1 
196429 188522 0 555 waa 1 
196429 188522 0 556 rrep 2 
196429 188522 0 557 rar 1 
196429 188522 0 558 war 1 
196429 188522 0 559 waawl 2 
196429 188522 0 560 wl 2 
196429 188522 0 561 owar 2 
196429 188522 0 562 dwar 2 
196429 188522 0 563 orar 2 
196429 188522 0 564 salary 2 
196429 188522 0 518 pos 1 
196429 188522 0 519 awards 0 
217379 188522 0 520 sea 0 
217379 188522 0 132 al 0 
217150 210532 0 520 sea 1 
217150 210532 0 132 al 0 
217926 215661 0 520 sea 0 
217926 215661 0 132 al 0 
217926 215661 0 531 mvp 0 
217926 215661 0 532 ss 0 
217097 215046 0 520 sea 0 
217097 215046 0 132 al 0 
217885 214770 0 520 sea 0 
217885 214770 0 132 al 0 
217885 214770 0 531 mvp 0 
217885 214770 0 532 ss 0 
217783 200488 0 520 sea 0 
217783 200488 0 132 al 0 
217783 200488 0 531 mvp 0 
217783 200488 0 532 ss 0 
217988 217962 0 520 sea 0 
217988 217962 0 132 al 0 
217988 217962 0 531 mvp 0 
217988 217962 0 532 ss 0 
218189 204128 0 533 tex 0 
218189 204128 0 132 al 0 
218189 204128 0 531 mvp 0 
218189 204128 0 532 ss 0 
217922 216401 0 533 tex 0 
217922 216401 0 132 al 0 
217922 216401 0 531 mvp 0 
217922 216401 0 534 gg 0 
217922 216401 0 532 ss 0 
218120 194566 0 533 tex 0 
218120 194566 0 132 al 0 
218120 194566 0 531 mvp 0 
218120 194566 0 534 gg 1 
218120 194566 0 532 ss 1 
218207 217539 0 535 nyy 0 
218207 217539 0 132 al 0 
218207 217539 0 531 mvp 0 
217363 215410 0 535 nyy 0 
217363 215410 0 132 al 0 
217363 215410 0 531 mvp 0 
217363 215410 0 532 ss 0 
218036 211645 0 535 nyy 0 
218036 211645 0 132 al 0 
218036 211645 0 531 mvp 0 
218208 184141 0 535 nyy 0 
218208 184141 0 132 al 0 
218208 184141 0 531 mvp 0 
218208 184141 0 532 ss 0 
218032 198906 0 535 nyy 0 
218032 198906 0 132 al 0 
218032 198906 0 531 mvp 0 
218032 198906 0 532 ss 0 
217743 205803 0 535 nyy 0 
217743 205803 0 132 al 0 
217743 205803 0 531 mvp 0 
218202 184141 0 535 nyy 0 
218202 184141 0 132 al 0 
218202 184141 0 531 mvp 0 
217689 168762 0 535 nyy 0 
217689 168762 0 132 al 0 
217089 215046 0 535 nyy 0 
217089 215046 0 132 al 1 
218021 3 0 535 nyy 0 
218021 3 0 132 al 0 
196429 188522 0 494 pa 2 
196429 188522 0 549 rbat 2 
196429 188522 0 550 rbaser 2 
196429 188522 0 551 rdp 2 
196429 188522 0 552 rfield 1 
196429 188522 0 553 rpos 1 
196429 188522 0 554 raa 1 
196429 188522 0 555 waa 1 
196429 188522 0 556 rrep 1 
196429 188522 0 557 rar 2 
196429 188522 0 558 war 1 
196429 188522 0 559 waawl 2 
196429 188522 0 560 wl 2 
196429 188522 0 561 owar 2 
196429 188522 0 562 dwar 2 
196429 188522 0 563 orar 2 
196429 188522 0 564 salary 2 
196429 188522 0 518 pos 1 
196429 188522 0 519 awards 0 
217995 209097 0 72 yrs 2 
217833 207790 0 72 yrs 2 
218040 217962 0 72 yrs 2 
217422 210532 0 511 batting 0 
16 3 0 62 age 2 
16 3 0 492 tm 1 
16 3 0 517 lg 2 
16 3 0 263 series 2 
16 3 0 565 opp 2 
16 3 0 566 rslt 2 
16 3 0 494 pa 1 
16 3 0 495 ab 1 
16 3 0 203 hr 2 
16 3 0 496 rbi 2 
16 3 0 497 sb 1 
16 3 0 498 cs 2 
16 3 0 499 bb 2 
16 3 0 500 ba 2 
16 3 0 501 obp 1 
16 3 0 502 slg 2 
16 3 0 503 ops 2 
16 3 0 504 tb 2 
16 3 0 505 gdp 2 
16 3 0 506 hbp 1 
16 3 0 507 sh 2 
16 3 0 508 sf 2 
16 3 0 509 ibb 2 
218184 217539 0 520 sea 0 
218184 217539 0 132 al 0 
218184 217539 0 418 alds 0 
218184 217539 0 535 nyy 2 
217873 210134 0 520 sea 0 
217873 210134 0 132 al 0 
217873 210134 0 567 alcs 0 
217873 210134 0 568 cle 2 
217809 210532 0 520 sea 0 
217809 210532 0 132 al 0 
217809 210532 0 418 alds 0 
217809 210532 0 569 bal 2 
217363 215410 0 520 sea 0 
217363 215410 0 132 al 0 
217363 215410 0 418 alds 0 
217363 215410 0 570 chw 2 
218114 214770 0 520 sea 0 
218114 214770 0 132 al 0 
218114 214770 0 567 alcs 0 
218114 214770 0 535 nyy 0 
217813 213754 0 535 nyy 0 
217813 213754 0 132 al 0 
217813 213754 0 418 alds 0 
217813 213754 0 521 min 0 
217976 184141 0 535 nyy 0 
217976 184141 0 132 al 0 
217976 184141 0 567 alcs 0 
217976 184141 0 571 bos 2 
218212 170672 0 535 nyy 0 
218212 170672 0 132 al 0 
218212 170672 0 418 alds 1 
218212 170672 0 572 laa 0 
217978 213754 0 535 nyy 0 
217978 213754 0 132 al 0 
217978 213754 0 418 alds 2 
217978 213754 0 573 det 1 
218159 204128 0 535 nyy 0 
218159 204128 0 132 al 0 
218159 204128 0 418 alds 2 
218159 204128 0 568 cle 1 
216978 210555 0 535 nyy 0 
216978 210555 0 132 al 0 
216978 210555 0 418 alds 0 
216978 210555 0 521 min 0 
217214 164769 0 535 nyy 0 
217214 164769 0 132 al 0 
217214 164769 0 567 alcs 1 
217214 164769 0 572 laa 2 
218127 201254 0 535 nyy 0 
218127 201254 0 132 al 0 
218127 201254 0 574 ws 1 
218127 201254 0 575 phi 1 
217715 215410 0 535 nyy 0 
217715 215410 0 132 al 0 
217715 215410 0 418 alds 0 
217715 215410 0 521 min 2 
218015 198558 0 535 nyy 0 
218015 198558 0 132 al 0 
218015 198558 0 567 alcs 0 
218015 198558 0 533 tex 2 
217176 208370 0 535 nyy 0 
217176 208370 0 132 al 0 
217176 208370 0 418 alds 0 
217176 208370 0 573 det 1 
217843 215207 0 535 nyy 0 
217843 215207 0 132 al 0 
217843 215207 0 418 alds 0 
217843 215207 0 569 bal 1 
217946 193872 0 535 nyy 0 
217946 193872 0 132 al 0 
217946 193872 0 567 alcs 1 
217946 193872 0 573 det 1 
218020 183995 0 263 series 1 
16 3 0 494 pa 1 
16 3 0 495 ab 1 
16 3 0 203 hr 2 
16 3 0 496 rbi 2 
16 3 0 497 sb 1 
16 3 0 498 cs 2 
16 3 0 499 bb 2 
16 3 0 500 ba 2 
16 3 0 501 obp 2 
16 3 0 502 slg 2 
16 3 0 503 ops 2 
16 3 0 504 tb 2 
16 3 0 505 gdp 2 
16 3 0 506 hbp 2 
16 3 0 507 sh 2 
16 3 0 508 sf 2 
16 3 0 509 ibb 2 
218074 210134 0 576 fielding 2 
216965 170672 0 260 run 1 
216965 170672 0 577 summary 2 
218160 197359 0 512 logs 1 
218085 201343 0 576 fielding 1 
218085 201343 0 578 stats 1 
209845 190790 0 492 tm 1 
209845 190790 0 517 lg 1 
209845 190790 0 62 age 2 
209845 190790 0 518 pos 1 
209845 190790 0 493 gs 2 
209845 190790 0 579 cg 1 
209845 190790 0 580 inn 2 
209845 190790 0 581 ch 2 
209845 190790 0 582 po 2 
209845 190790 0 583 dp 2 
209845 190790 0 584 fld 2 
209845 190790 0 585 rtot 2 
209845 190790 0 586 rdrs 2 
209845 190790 0 585 rtot 2 
209845 190790 0 587 yr 2 
209845 190790 0 586 rdrs 2 
209845 190790 0 587 yr 2 
209845 190790 0 588 rf 1 
209845 190790 0 588 rf 1 
209845 190790 0 589 lgfld 2 
209845 190790 0 590 lgrf 1 
209845 190790 0 591 lgrfg 2 
209845 190790 0 519 awards 2 
217833 207790 0 132 al 0 
217833 207790 0 532 ss 0 
218200 164769 0 132 al 0 
218200 164769 0 532 ss 0 
218113 218106 0 132 al 0 
218113 218106 0 592 dh 0 
217794 197273 0 132 al 0 
217794 197273 0 532 ss 0 
217794 197273 0 531 mvp 0 
217794 197273 0 532 ss 0 
218219 218106 0 132 al 0 
218219 218106 0 532 ss 2 
217345 202626 0 132 al 0 
217345 202626 0 592 dh 0 
217810 170370 0 132 al 0 
217810 170370 0 532 ss 0 
217810 170370 0 531 mvp 0 
217810 170370 0 532 ss 0 
217983 204043 0 132 al 0 
217983 204043 0 592 dh 0 
217983 204043 0 531 mvp 0 
217983 204043 0 532 ss 0 
217544 3 0 132 al 0 
217544 3 0 532 ss 0 
217544 3 0 531 mvp 0 
217544 3 0 532 ss 0 
218079 205997 0 132 al 0 
218079 205997 0 532 ss 0 
218079 205997 0 531 mvp 0 
218079 205997 0 532 ss 0 
218220 198558 0 132 al 0 
218220 198558 0 532 ss 0 
218220 198558 0 531 mvp 0 
218220 198558 0 532 ss 0 
218124 214737 0 132 al 0 
218124 214737 0 592 dh 0 
218124 214737 0 531 mvp 0 
218124 214737 0 532 ss 0 
218071 213754 0 132 al 0 
218071 213754 0 532 ss 0 
218071 213754 0 531 mvp 0 
218071 213754 0 534 gg 0 
218071 213754 0 532 ss 0 
218221 210532 0 132 al 0 
218221 210532 0 532 ss 0 
218221 210532 0 531 mvp 0 
218221 210532 0 534 gg 0 
218221 210532 0 532 ss 0 
218135 211590 0 132 al 0 
218135 211590 0 592 dh 2 
218135 211590 0 531 mvp 0 
218135 211590 0 534 gg 2 
218135 211590 0 532 ss 0 
218079 205997 0 132 al 0 
218079 205997 0 531 mvp 0 
218032 198906 0 132 al 0 
218032 198906 0 532 ss 0 
218032 198906 0 531 mvp 0 
218199 206801 0 132 al 0 
218199 206801 0 531 mvp 0 
218199 206801 0 532 ss 0 
217328 210268 0 132 al 0 
217328 210268 0 532 ss 0 
217328 210268 0 531 mvp 0 
217328 210268 0 532 ss 0 
218222 216401 0 132 al 0 
218222 216401 0 592 dh 0 
218222 216401 0 531 mvp 0 
218222 216401 0 532 ss 0 
218223 207777 0 132 al 0 
218223 207777 0 531 mvp 0 
217715 215410 0 132 al 0 
217715 215410 0 592 dh 0 
217715 215410 0 531 mvp 0 
216204 206940 0 132 al 0 
216204 206940 0 531 mvp 0 
216204 206940 0 532 ss 0 
218224 205997 0 132 al 0 
218224 205997 0 592 dh 0 
218224 205997 0 531 mvp 0 
218224 205997 0 532 ss 0 
218225 211679 0 132 al 0 
218225 211679 0 531 mvp 0 
218225 211679 0 532 ss 0 
218226 198558 0 132 al 0 
218226 198558 0 592 dh 0 
218226 198558 0 531 mvp 0 
218226 198558 0 532 ss 0 
218097 184141 0 132 al 0 
218097 184141 0 531 mvp 0 
217991 216170 0 132 al 0 
217991 216170 0 592 dh 0 
217991 216170 0 531 mvp 0 
218208 184141 0 132 al 0 
218208 184141 0 531 mvp 0 
218142 210719 0 132 al 0 
218142 210719 0 592 dh 0 
218142 210719 0 531 mvp 0 
217464 215207 0 132 al 0 
218050 211884 0 132 al 0 
218050 211884 0 592 dh 1 
217957 202626 0 132 al 0 
217531 212312 0 132 al 0 
217531 212312 0 592 dh 0 
218227 205997 0 132 al 0 
217792 197359 0 132 al 0 
217792 197359 0 592 dh 0 
218228 189016 0 593 seasons 0 
218228 189016 0 532 ss 0 
217966 212611 0 593 seasons 0 
217901 216699 0 593 seasons 0 
217901 216699 0 592 dh 2 
217259 210555 0 593 seasons 2 
217259 210555 0 594 tot 2 
209845 190790 0 493 gs 2 
209845 190790 0 579 cg 2 
209845 190790 0 580 inn 2 
209845 190790 0 581 ch 2 
209845 190790 0 582 po 2 
209845 190790 0 583 dp 2 
209845 190790 0 584 fld 1 
209845 190790 0 585 rtot 2 
209845 190790 0 586 rdrs 2 
209845 190790 0 585 rtot 2 
209845 190790 0 587 yr 2 
209845 190790 0 586 rdrs 2 
209845 190790 0 587 yr 2 
209845 190790 0 588 rf 1 
209845 190790 0 588 rf 1 
209845 190790 0 589 lgfld 2 
209845 190790 0 590 lgrf 1 
209845 190790 0 591 lgrfg 2 
209845 190790 0 519 awards 2 
217922 216401 0 595 complete 0 
217922 216401 0 32 player 0 
217922 216401 0 301 games 0 
217922 216401 0 596 played 0 
217922 216401 0 597 data 1 
217936 215424 0 578 stats 2 
217936 215424 0 598 combination 2 
217936 215424 0 599 official 1 
217936 215424 0 425 records 1 
217936 215424 0 600 retrosheet 2 
217936 215424 0 425 records 1 
217936 215424 0 601 substantial 1 
217936 215424 0 602 errors 1 
217936 215424 0 603 match 2 
217936 215424 0 604 perfectly 2 
217936 215424 0 605 view 2 
217936 215424 0 595 complete 1 
217936 215424 0 139 notes 1 
217936 215424 0 576 fielding 1 
217936 215424 0 597 data 0 
217936 215424 0 606 leagues 2 
217936 215424 0 607 historically 1 
217936 215424 0 232 made 1 
217936 215424 0 608 effort 1 
217936 215424 0 609 balance 1 
217936 215424 0 85 team 2 
217936 215424 0 147 league 1 
217936 215424 0 32 player 0 
217936 215424 0 576 fielding 1 
217936 215424 0 578 stats 2 
217936 215424 0 610 computers 2 
217936 215424 0 232 made 1 
217936 215424 0 611 feasible 1 
217936 215424 0 612 prior 2 
217936 215424 0 613 hundreds 2 
217936 215424 0 614 thousands 2 
217936 215424 0 615 discrepancies 2 
217936 215424 0 616 year 0 
217936 215424 0 301 games 0 
217936 215424 0 596 played 2 
217936 215424 0 32 player 0 
217936 215424 0 596 played 2 
217936 215424 0 617 position 2 
217936 215424 0 618 putouts 2 
217936 215424 0 619 assists 1 
217936 215424 0 620 double 2 
217936 215424 0 621 plays 2 
217936 215424 0 602 errors 1 
217936 215424 0 622 pre 1 
217936 215424 0 497 sb 2 
217936 215424 0 498 cs 1 
217936 215424 0 597 data 0 
217936 215424 0 623 catchers 2 
217936 215424 0 624 estimated 2 
217936 215424 0 625 catcher 1 
217936 215424 0 619 assists 1 
217936 215424 0 301 games 2 
217936 215424 0 626 started 2 
217936 215424 0 627 opposition 2 
217936 215424 0 628 stolen 2 
217936 215424 0 629 bases 2 
217936 215424 0 497 sb 2 
217936 215424 0 498 cs 2 
217936 215424 0 630 pickoff 2 
217936 215424 0 631 wp 1 
217936 215424 0 597 data 2 
217936 215424 0 623 catchers 2 
217936 215424 0 632 pitchers 2 
217936 215424 0 14 play 2 
217936 215424 0 14 play 2 
217936 215424 0 633 accounts 1 
217936 215424 0 600 retrosheet 2 
217936 215424 0 634 files 2 
217936 215424 0 635 hundred 1 
217936 215424 0 301 games 2 
217936 215424 0 636 pbp 2 
217936 215424 0 597 data 2 
217733 217551 0 493 gs 2 
217733 217551 0 600 retrosheet 2 
217733 217551 0 597 data 2 
217733 217551 0 595 complete 1 
217733 217551 0 637 pretty 1 
217733 217551 0 638 accurate 2 
217496 215661 0 596 played 0 
217496 215661 0 497 sb 2 
217496 215661 0 498 cs 1 
217496 215661 0 600 retrosheet 0 
217496 215661 0 14 play 1 
217496 215661 0 14 play 1 
217496 215661 0 597 data 0 
217496 215661 0 639 considered 1 
217496 215661 0 595 complete 1 
217496 215661 0 595 complete 1 
218148 216869 0 582 po 2 
218148 216869 0 640 lf 1 
218148 216869 0 641 cf 2 
218148 216869 0 588 rf 1 
218148 216869 0 642 positions 1 
218148 216869 0 14 play 1 
218148 216869 0 14 play 2 
218148 216869 0 643 box 1 
218148 216869 0 644 score 1 
218148 216869 0 597 data 0 
218202 184141 0 582 po 2 
218202 184141 0 532 ss 0 
218202 184141 0 642 positions 2 
218202 184141 0 599 official 2 
218202 184141 0 645 reported 2 
218202 184141 0 646 totals 2 
218202 184141 0 647 corrected 2 
218202 184141 0 648 times 1 
218202 184141 0 649 publication 1 
216832 208990 0 650 detailed 2 
216832 208990 0 651 information 2 
216832 208990 0 301 games 2 
216832 208990 0 600 retrosheet 1 
216832 208990 0 652 missing 2 
216832 208990 0 14 play 1 
216832 208990 0 14 play 1 
216832 208990 0 358 wanted 1 
216832 208990 0 301 games 2 
216832 208990 0 126 list 0 
217545 216401 0 650 detailed 1 
217545 216401 0 651 information 1 
217545 216401 0 653 availability 0 
217545 216401 0 597 data 1 
217545 216401 0 654 site 2 
217545 216401 0 616 year 0 
217545 216401 0 597 data 1 
217545 216401 0 655 coverage 1 
217545 216401 0 33 page 2 
217267 164680 0 656 leader 0 
217267 164680 0 657 boards 2 
217267 164680 0 519 awards 0 
217267 164680 0 658 honors 2 
218128 212611 0 616 year 0 
218128 212611 0 477 rank 1 
218128 212611 0 659 glossary 1 
217834 193872 0 301 games 0 
218234 201967 0 587 yr 2 
218234 201967 0 517 lg 2 
218234 201967 0 660 award 0 
218099 194566 0 147 league 0 
218099 194566 0 32 player 0 
218099 194566 0 616 year 0 
217662 170370 0 511 batting 2 
217662 170370 0 661 title 2 
216832 208990 0 662 hank 1 
216832 208990 0 663 aaron 0 
216832 208990 0 660 award 0 
217617 210532 0 662 hank 2 
217617 210532 0 663 aaron 2 
217617 210532 0 660 award 0 
217451 200488 0 147 league 2 
217451 200488 0 32 player 0 
217451 200488 0 616 year 0 
218200 164769 0 662 hank 2 
218200 164769 0 663 aaron 0 
218200 164769 0 660 award 0 
217720 215207 0 531 mvp 0 
217916 217058 0 531 mvp 0 
218023 3 0 147 league 2 
218023 3 0 32 player 0 
218023 3 0 616 year 2 
217442 210532 0 531 mvp 0 
218235 207777 0 662 hank 2 
218235 207777 0 663 aaron 0 
218235 207777 0 660 award 1 
218163 217058 0 664 babe 2 
218163 217058 0 665 ruth 2 
218163 217058 0 660 award 0 
217637 215046 0 587 yr 1 
217637 215046 0 517 lg 1 
217637 215046 0 666 rk 1 
217637 215046 0 667 shr 2 
218239 216869 0 668 shares 2 
217906 216495 0 669 gloves 2 
218240 184141 0 532 ss 0 
217938 164680 0 532 ss 0 
218023 3 0 670 winners 1 
217860 209258 0 671 sluggers 1 
218226 198558 0 532 ss 0 
218026 211645 0 532 ss 0 
217586 204128 0 532 ss 0 
218241 215883 0 532 ss 0 
217968 207308 0 532 ss 0 
218221 210532 0 532 ss 0 
218154 216869 0 532 ss 0 
218139 188391 0 670 winners 1 
209845 190790 0 519 awards 2 
209845 190790 0 587 yr 2 
209845 190790 0 120 month 0 
209845 190790 0 517 lg 1 
209845 190790 0 660 award 0 
218067 179219 0 132 al 0 
218067 179219 0 32 player 0 
218067 179219 0 120 month 0 
218102 208990 0 132 al 0 
218102 208990 0 32 player 0 
218102 208990 0 120 month 2 
217784 189016 0 132 al 0 
217784 189016 0 32 player 0 
217784 189016 0 120 month 0 
217952 210532 0 132 al 0 
217952 210532 0 32 player 0 
217952 210532 0 120 month 0 
217446 207790 0 132 al 0 
217446 207790 0 32 player 0 
217446 207790 0 120 month 0 
217967 168713 0 132 al 0 
217967 168713 0 32 player 1 
217967 168713 0 120 month 0 
217743 205803 0 132 al 0 
217743 205803 0 32 player 0 
217743 205803 0 120 month 0 
217978 213754 0 132 al 0 
217978 213754 0 32 player 0 
217978 213754 0 120 month 0 
218043 215661 0 132 al 0 
218043 215661 0 32 player 0 
218043 215661 0 120 month 2 
218041 210719 0 132 al 0 
218041 210719 0 32 player 0 
218041 210719 0 120 month 0 
217871 213754 0 519 awards 0 
217871 213754 0 587 yr 1 
217871 213754 0 365 week 0 
217871 213754 0 517 lg 1 
217871 213754 0 660 award 0 
216952 212611 0 132 al 0 
216952 212611 0 32 player 0 
216952 212611 0 365 week 0 
217377 215410 0 56 st 0 
217377 215410 0 132 al 0 
217377 215410 0 32 player 0 
217377 215410 0 365 week 0 
218162 198107 0 132 al 0 
218162 198107 0 32 player 0 
218162 198107 0 365 week 0 
218013 214565 0 132 al 0 
218013 214565 0 32 player 0 
218013 214565 0 365 week 1 
217997 215883 0 132 al 0 
217997 215883 0 32 player 0 
217997 215883 0 365 week 0 
218045 215207 0 132 al 0 
218045 215207 0 32 player 0 
218045 215207 0 365 week 0 
217775 192662 0 132 al 0 
217775 192662 0 32 player 0 
217775 192662 0 365 week 0 
218243 210268 0 132 al 0 
218243 210268 0 32 player 0 
218243 210268 0 365 week 0 
217936 215424 0 56 st 0 
217936 215424 0 132 al 0 
217936 215424 0 32 player 0 
217936 215424 0 365 week 0 
216204 206940 0 132 al 0 
216204 206940 0 32 player 0 
216204 206940 0 365 week 0 
218046 216495 0 132 al 0 
218046 216495 0 32 player 0 
218046 216495 0 365 week 0 
217833 207790 0 132 al 0 
217833 207790 0 32 player 0 
217833 207790 0 365 week 0 
217078 209097 0 132 al 0 
217078 209097 0 32 player 0 
217078 209097 0 365 week 0 
217769 201254 0 672 replacement 1 
217778 211884 0 56 st 0 
217745 201726 0 56 st 0 
217800 214565 0 56 st 0 
218075 197718 0 56 st 0 
217922 216401 0 56 st 0 
217411 216869 0 617 position 2 
217411 216869 0 20 players 2 
217749 215661 0 56 st 0 
218247 206940 0 56 st 0 
217955 179219 0 56 st 0 
217558 210268 0 56 st 0 
217070 216699 0 56 st 0 
218249 188522 0 56 st 0 
218110 215424 0 558 war 1 
217422 210532 0 56 st 0 
217751 192662 0 56 st 0 
217251 215410 0 56 st 0 
217810 170370 0 56 st 0 
217781 199863 0 56 st 0 
217761 198906 0 56 st 0 
217835 215046 0 56 st 0 
217995 209097 0 56 st 0 
218251 189016 0 56 st 0 
218252 189016 0 558 war 2 
217843 215207 0 673 average 1 
218033 198107 0 56 st 0 
218260 216869 0 56 st 0 
218250 205803 0 56 st 0 
217770 212479 0 56 st 0 
218091 217551 0 56 st 0 
217586 204128 0 674 slugging 1 
218261 203140 0 56 st 0 
217481 207790 0 56 st 0 
218056 189016 0 596 played 2 
216742 210134 0 56 st 0 
218172 171873 0 56 st 1 
217901 216699 0 56 st 0 
217694 215046 0 675 bats 2 
218213 208990 0 56 st 0 
218172 171873 0 151 appearances 2 
218141 208990 0 56 st 0 
218250 205803 0 676 scored 1 
218099 194566 0 56 st 0 
217961 202626 0 56 st 0 
218268 210532 0 56 st 0 
218021 3 0 56 st 0 
218087 208386 0 56 st 0 
218270 211884 0 56 st 0 
218143 218106 0 629 bases 2 
218272 183995 0 56 st 0 
209845 190790 0 56 st 2 
218015 198558 0 56 st 0 
217832 198107 0 56 st 0 
218197 200488 0 56 st 0 
217831 211748 0 677 runs 2 
218274 217058 0 56 st 0 
217937 215046 0 56 st 0 
217045 216869 0 56 st 0 
218172 171873 0 56 st 1 
218276 197646 0 56 st 0 
218164 212611 0 678 batted 2 
218065 215883 0 56 st 0 
218006 209026 0 56 st 0 
218279 168713 0 679 balls 1 
217762 216699 0 629 bases 1 
218282 210532 0 503 ops 2 
217259 210555 0 56 st 0 
218157 215088 0 56 st 0 
218285 198906 0 388 created 1 
217983 204043 0 56 st 0 
218289 215046 0 56 st 0 
218111 188391 0 511 batting 0 
218111 188391 0 677 runs 2 
217555 214016 0 56 st 0 
218291 201967 0 56 st 0 
218007 209097 0 511 batting 0 
218007 209097 0 26 wins 1 
217545 216401 0 56 st 0 
217938 164680 0 56 st 0 
217850 215424 0 128 base 2 
217850 215424 0 200 hits 2 
218295 210555 0 56 st 0 
217572 216401 0 128 base 0 
217743 205803 0 56 st 0 
218298 215410 0 56 st 0 
217769 201254 0 131 win 2 
217726 215088 0 56 st 0 
217837 198906 0 680 pitch 1 
217796 215088 0 681 flies 2 
218081 215661 0 629 bases 1 
218081 215661 0 679 balls 0 
218293 202626 0 621 plays 1 
218293 202626 0 682 grounded 2 
218312 208370 0 683 stealing 2 
218090 97360 0 56 st 0 
218315 197359 0 56 st 0 
217668 204043 0 56 st 0 
218141 208990 0 56 st 0 
217415 197646 0 203 hr 2 
218290 207308 0 56 st 0 
218323 212479 0 232 made 0 
217660 214737 0 56 st 0 
218231 201343 0 677 runs 2 
218231 201343 0 684 added 2 
217332 204043 0 56 st 0 
217916 217058 0 56 st 1 
217956 209258 0 685 probability 1 
217956 209258 0 684 added 1 
217956 209258 0 686 wpa 1 
218325 3 0 56 st 0 
218329 217539 0 56 st 0 
218095 215661 0 26 wins 1 
218095 215661 0 684 added 1 
218095 215661 0 686 wpa 0 
218095 215661 0 687 li 1 
217158 168762 0 56 st 0 
217810 170370 0 56 st 0 
218331 201726 0 56 st 0 
218208 184141 0 26 wins 1 
218208 184141 0 684 added 1 
218208 184141 0 688 rew 1 
218185 197359 0 56 st 0 
218243 210268 0 56 st 0 
218044 197273 0 689 committed 2 
218019 211748 0 301 games 0 
218093 164769 0 56 st 0 
218012 168762 0 56 st 0 
218228 189016 0 689 committed 2 
218218 209097 0 56 st 0 
218152 183995 0 621 plays 2 
218152 183995 0 690 turned 1 
218343 204128 0 301 games 0 
218343 204128 0 532 ss 0 
216742 210134 0 56 st 0 
217531 212312 0 56 st 0 
215463 199894 0 532 ss 0 
218300 189016 0 56 st 0 
218345 209258 0 56 st 0 
217328 210268 0 532 ss 0 
218349 212312 0 689 committed 1 
218349 212312 0 532 ss 0 
217794 197273 0 56 st 0 
218293 202626 0 621 plays 1 
218293 202626 0 690 turned 2 
218293 202626 0 532 ss 0 
218097 184141 0 56 st 0 
217971 207308 0 56 st 0 
218191 212533 0 56 st 0 
218203 203140 0 691 factor 2 
218203 203140 0 580 inn 2 
218242 201726 0 691 factor 2 
218242 201726 0 196 game 0 
218258 203140 0 56 st 0 
217339 193872 0 692 zone 2 
217339 193872 0 677 runs 2 
217339 193872 0 532 ss 0 
217450 197273 0 691 factor 1 
217450 197273 0 580 inn 2 
217450 197273 0 532 ss 0 
218046 216495 0 691 factor 1 
218046 216495 0 196 game 2 
218046 216495 0 532 ss 0 
217829 206940 0 532 ss 0 
217509 215046 0 56 st 0 
218185 197359 0 56 st 0 
218220 198558 0 56 st 0 
218342 192662 0 56 st 0 
218292 189016 0 56 st 0 
217298 207308 0 56 st 1 
218273 198906 0 56 st 0 
216742 210134 0 56 st 0 
217214 164769 0 56 st 0 
218362 212533 0 56 st 0 
216837 207777 0 56 st 0 
218166 197646 0 56 st 0 
218150 208990 0 56 st 0 
217267 164680 0 56 st 0 
218220 198558 0 686 wpa 0 
218220 198558 0 688 rew 2 
218220 198558 0 693 computed 2 
218220 198558 0 14 play 1 
218220 198558 0 14 play 1 
218220 198558 0 597 data 1 
218220 198558 0 595 complete 0 
218220 198558 0 694 present 1 
218220 198558 0 597 data 1 
218220 198558 0 695 incomplete 2 
218220 198558 0 593 seasons 1 
218220 198558 0 301 games 0 
218220 198558 0 67 season 0 
218220 198558 0 696 total 1 
218220 198558 0 652 missing 1 
218220 198558 0 33 page 0 
218220 198558 0 597 data 1 
218220 198558 0 655 coverage 2 
218220 198558 0 697 full 1 
218220 198558 0 605 view 1 
218220 198558 0 597 data 1 
218220 198558 0 698 create 0 
218220 198558 0 699 leaderboards 1 
218174 170370 0 90 fame 0 
218174 170370 0 0 statistics 0 
217938 164680 0 511 batting 0 
217938 164680 0 673 average 1 
217938 164680 0 700 hofer 2 
218214 204128 0 511 batting 0 
218214 204128 0 673 average 2 
218214 204128 0 700 hofer 2 
217853 202626 0 90 fame 2 
217853 202626 0 701 monitor 2 
217853 202626 0 511 batting 0 
217853 202626 0 700 hofer 2 
217014 203140 0 90 fame 0 
217014 203140 0 702 standards 1 
217014 203140 0 511 batting 0 
217014 203140 0 673 average 2 
217014 203140 0 700 hofer 1 
217158 168762 0 514 career 2 
217158 168762 0 558 war 2 
217158 168762 0 587 yr 2 
217158 168762 0 703 peak 2 
217158 168762 0 558 war 2 
217158 168762 0 704 jaws 2 
217158 168762 0 532 ss 0 
217158 168762 0 514 career 2 
217158 168762 0 558 war 2 
217158 168762 0 587 yr 2 
217158 168762 0 703 peak 2 
217158 168762 0 558 war 2 
217158 168762 0 704 jaws 2 
216965 170672 0 705 scores 1 
217981 215424 0 706 similarity 2 
217981 215424 0 705 scores 2 
218366 213754 0 478 batters 1 
217544 3 0 32 player 0 
217544 3 0 707 links 0 
217544 3 0 708 pop 2 
218051 184141 0 709 similars 2 
218034 215424 0 710 griffey 1 
217597 211645 0 711 mays 1 
218248 190790 0 712 robinson 2 
217267 164680 0 713 ott 2 
218273 198906 0 714 palmeiro 2 
217914 162584 0 715 jones 2 
218075 197718 0 716 sheffield 2 
218228 189016 0 717 ramirez 1 
218355 162584 0 718 bonds 1 
218008 170672 0 719 thome 1 
217991 216170 0 720 signifies 1 
217991 216170 0 89 hall 1 
217991 216170 0 721 famer 2 
217969 197718 0 127 similar 2 
217969 197718 0 722 ages 2 
218210 208990 0 32 player 0 
218210 208990 0 707 links 0 
218210 208990 0 708 pop 1 
218129 197646 0 723 names 2 
217363 215410 0 724 foxx 0 
217627 197646 0 725 vaughan 1 
218152 183995 0 725 vaughan 1 
218368 3 0 710 griffey 1 
217885 214770 0 710 griffey 1 
218215 214565 0 726 mantle 0 
218191 212533 0 726 mantle 2 
218173 214770 0 710 griffey 1 
218236 210268 0 710 griffey 2 
218091 217551 0 710 griffey 2 
218369 170672 0 710 griffey 2 
218370 214565 0 710 griffey 2 
217749 215661 0 663 aaron 0 
218177 198107 0 663 aaron 0 
218371 210268 0 663 aaron 0 
216123 189016 0 663 aaron 0 
218372 206801 0 663 aaron 2 
218027 168713 0 663 aaron 0 
218245 207790 0 720 signifies 1 
218245 207790 0 89 hall 1 
218245 207790 0 721 famer 2 
217998 210268 0 727 drafted 2 
217998 210268 0 54 seattle 2 
217998 210268 0 55 mariners 2 
217998 210268 0 56 st 0 
217998 210268 0 57 round 2 
217998 210268 0 56 st 0 
217998 210268 0 58 pick 1 
217998 210268 0 59 amateur 2 
217998 210268 0 60 draft 1 
217998 210268 0 32 player 0 
217998 210268 0 71 signed 0 
217998 210268 0 728 august 2 
217564 184141 0 729 granted 2 
217564 184141 0 13 free 0 
217564 184141 0 730 agency 2 
218256 202626 0 71 signed 0 
218256 202626 0 13 free 0 
218256 202626 0 74 agent 0 
218256 202626 0 153 texas 1 
218256 202626 0 69 rangers 1 
217607 188522 0 731 traded 2 
217607 188522 0 153 texas 2 
217607 188522 0 69 rangers 2 
217607 188522 0 732 cash 2 
217607 188522 0 35 york 0 
217607 188522 0 36 yankees 0 
217607 188522 0 32 player 0 
217607 188522 0 733 named 1 
217607 188522 0 734 alfonso 2 
217607 188522 0 735 soriano 2 
217607 188522 0 35 york 2 
217607 188522 0 36 yankees 0 
217607 188522 0 736 joaquin 1 
217607 188522 0 737 arias 2 
217607 188522 0 738 april 1 
217607 188522 0 153 texas 2 
217607 188522 0 69 rangers 1 
217607 188522 0 595 complete 2 
217607 188522 0 739 trade 1 
217955 179219 