 
     RIP JK25. You will always be in the hearts of the Blazer fans at RIPCITYTWO.com and basketball fans around the world. Your smile still lights up our faces in remembrance like it lit up every room. MERCY, MERCY!
   
  Season   Age   Tm   Lg   Pos   G   GS   MP   FG   FGA   FG%   3P   3PA   3P%   2P   2PA   2P%   eFG%   FT   FTA   FT%   ORB   DRB   TRB   AST   STL   BLK   TOV   PF   PTS 
1984-85     22     POR     NBA     SF     77     0     958     178     372     .478     0     3     .000     178     369     .482     .478     117     181     .646     95     111     206     63     49     29     66     147     473  
1985-86     23     POR     NBA     SF     79     2     1217     258     470     .549     0     6     .000     258     464     .556     .549     156     229     .681     137     156     293     83     85     32     113     208     672  
1986-87     24     POR     NBA     SF     82     8     2088     373     733     .509     1     23     .043     372     710     .524     .510     262     364     .720     201     295     496     194     122     77     149     328     1009  
1987-88     25     POR     NBA     SF     79     75     2888     611     1225     .499     3     15     .200     608     1210     .502     .500     291     396     .735     211     446     657     243     127     65     161     302     1516  
1988-89     26     POR     NBA     SF     76     76     2716     533     1137     .469     6     21     .286     527     1116     .472     .471     258     372     .694     246     383     629     243     137     84     167     277     1330  
1989-90     27     POR     NBA     SF     82     82     2843     519     1085     .478     3     20     .150     516     1065     .485     .480     269     390     .690     251     439     690     188     121     63     144     304     1310  
1990-91     28     POR     NBA     SF     73     72     2359     424     887     .478     4     13     .308     420     874     .481     .480     232     327     .709     169     312     481     227     101     76     149     251     1084  
1991-92     29     POR     NBA     SF     77     76     2553     398     852     .467     1     8     .125     397     844     .470     .468     174     262     .664     241     392     633     243     114     71     151     254     971  
1992-93     30     POR     NBA     SF     65     50     1719     281     642     .438     8     28     .286     273     614     .445     .444     116     183     .634     126     280     406     121     80     41     84     181     686  
1993-94     31     POR     NBA     SF     78     6     1276     203     469     .433     1     8     .125     202     461     .438     .434     101     135     .748     130     201     331     75     71     49     63     213     508  
1994-95     32     POR     NBA     SF     63     0     1143     203     489     .415     7     27     .259     196     462     .424     .422     95     124     .766     93     163     256     82     52     35     64     173     508  
1995-96     33     GSW     NBA     SF     76     58     1620     205     500     .410     3     17     .176     202     483     .418     .413     97     147     .660     154     209     363     114     91     45     75     205     510  
1996-97     34     LAL     NBA     SF     70     44     1766     194     449     .432     17     65     .262     177     384     .461     .451     71     118     .602     112     251     363     89     119     49     74     219     476  
1997-98     35     SEA     NBA     SF     37     2     717     97     233     .416     1     10     .100     96     223     .430     .418     39     65     .600     56     79     135     44     52     14     36     104     234  
1998-99     36     SAS     NBA     SF     45     0     699     68     200     .340     3     14     .214     65     186     .349     .348     6     14     .429     42     88     130     41     37     14     30     92     145  
1999-00     37     SAS     NBA     SF     72     18     1310     146     354     .412     0     9     .000     146     345     .423     .412     29     41     .707     58     167     225     69     67     47     51     161     321  
2000-01     38     MIL     NBA     SF     22     2     243     32     69     .464     0     1     .000     32     68     .471     .464     8     16     .500     8     37     45     15     14     8     6     36     72  
Career             NBA         1153     571     28115     4723     10166     .465     58     288     .201     4665     9878     .472     .467     2321     3364     .690     2330     4009     6339     2134     1439     799     1583     3455     11825  
                                                                                                                     
11 seasons         POR     NBA         831     447     21760     3981     8361     .476     34     172     .198     3947     8189     .482     .478     2071     2963     .699     1900     3178     5078     1762     1059     622     1311     2638     10067  
2 seasons         SAS     NBA         117     18     2009     214     554     .386     3     23     .130     211     531     .397     .389     35     55     .636     100     255     355     110     104     61     81     253     466  
1 season         GSW     NBA         76     58     1620     205     500     .410     3     17     .176     202     483     .418     .413     97     147     .660     154     209     363     114     91     45     75     205     510  
1 season         LAL     NBA         70     44     1766     194     449     .432     17     65     .262     177     384     .461     .451     71     118     .602     112     251     363     89     119     49     74     219     476  
1 season         SEA     NBA         37     2     717     97     233     .416     1     10     .100     96     223     .430     .418     39     65     .600     56     79     135     44     52     14     36     104     234  
1 season         MIL     NBA         22     2     243     32     69     .464     0     1     .000     32     68     .471     .464     8     16     .500     8     37     45     15     14     8     6     36     72  
  Maximize the speed of our sites with Sports Reference Ad-Free.
  
  Season   Age   Tm   Lg   Pos   G   GS   MP   FG   FGA   FG%   3P   3PA   3P%   2P   2PA   2P%   FT   FTA   FT%   ORB   DRB   TRB   AST   STL   BLK   TOV   PF   PTS      ORtg   DRtg 
1984-85     22     POR     NBA     SF     77     0     958     8.6     18.0     .478     0.0     0.1     .000     8.6     17.9     .482     5.7     8.8     .646     4.6     5.4     10.0     3.0     2.4     1.4     3.2     7.1     22.9         108     106  
1985-86     23     POR     NBA     SF     79     2     1217     9.7     17.7     .549     0.0     0.2     .000     9.7     17.5     .556     5.9     8.6     .681     5.2     5.9     11.1     3.1     3.2     1.2     4.3     7.9     25.4         111     105  
1986-87     24     POR     NBA     SF     82     8     2088     8.2     16.0     .509     0.0     0.5     .043     8.1     15.5     .524     5.7     8.0     .720     4.4     6.5     10.9     4.2     2.7     1.7     3.3     7.2     22.1         114     105  
1987-88     25     POR     NBA     SF     79     75     2888     9.8     19.7     .499     0.0     0.2     .200     9.8     19.4     .502     4.7     6.4     .735     3.4     7.2     10.5     3.9     2.0     1.0     2.6     4.8     24.3         113     106  
1988-89     26     POR     NBA     SF     76     76     2716     9.1     19.3     .469     0.1     0.4     .286     9.0     19.0     .472     4.4     6.3     .694     4.2     6.5     10.7     4.1     2.3     1.4     2.8     4.7     22.6         110     106  
1989-90     27     POR     NBA     SF     82     82     2843     8.6     17.9     .478     0.0     0.3     .150     8.5     17.6     .485     4.4     6.4     .690     4.1     7.2     11.4     3.1     2.0     1.0     2.4     5.0     21.6         112     103  
1990-91     28     POR     NBA     SF     73     72     2359     8.6     18.0     .478     0.1     0.3     .308     8.5     17.7     .481     4.7     6.6     .709     3.4     6.3     9.7     4.6     2.0     1.5     3.0     5.1     21.9         109     103  
1991-92     29     POR     NBA     SF     77     76     2553     7.6     16.2     .467     0.0     0.2     .125     7.5     16.0     .470     3.3     5.0     .664     4.6     7.4     12.0     4.6     2.2     1.3     2.9     4.8     18.4         108     102  
1992-93     30     POR     NBA     SF     65     50     1719     7.9     18.1     .438     0.2     0.8     .286     7.7     17.3     .445     3.3     5.2     .634     3.6     7.9     11.4     3.4     2.3     1.2     2.4     5.1     19.3         102     103  
1993-94     31     POR     NBA     SF     78     6     1276     7.7     17.9     .433     0.0     0.3     .125     7.7     17.6     .438     3.8     5.1     .748     4.9     7.7     12.6     2.9     2.7     1.9     2.4     8.1     19.3         105     102  
1994-95     32     POR     NBA     SF     63     0     1143     9.1     21.9     .415     0.3     1.2     .259     8.8     20.7     .424     4.3     5.6     .766     4.2     7.3     11.5     3.7     2.3     1.6     2.9     7.7     22.7         104     103  
1995-96     33     GSW     NBA     SF     76     58     1620     6.5     15.9     .410     0.1     0.5     .176     6.4     15.3     .418     3.1     4.7     .660     4.9     6.6     11.5     3.6     2.9     1.4     2.4     6.5     16.2         102     107  
1996-97     34     LAL     NBA     SF     70     44     1766     5.8     13.4     .432     0.5     1.9     .262     5.3     11.5     .461     2.1     3.5     .602     3.3     7.5     10.8     2.7     3.5     1.5     2.2     6.5     14.2         101     99  
1997-98     35     SEA     NBA     SF     37     2     717     7.2     17.4     .416     0.1     0.7     .100     7.2     16.6     .430     2.9     4.8     .600     4.2     5.9     10.1     3.3     3.9     1.0     2.7     7.8     17.4         97     100  
1998-99     36     SAS     NBA     SF     45     0     699     5.3     15.5     .340     0.2     1.1     .214     5.0     14.4     .349     0.5     1.1     .429     3.3     6.8     10.1     3.2     2.9     1.1     2.3     7.1     11.2         81     94  
1999-00     37     SAS     NBA     SF     72     18     1310     5.9     14.3     .412     0.0     0.4     .000     5.9     13.9     .423     1.2     1.7     .707     2.3     6.7     9.1     2.8     2.7     1.9     2.1     6.5     13.0         91     96  
2000-01     38     MIL     NBA     SF     22     2     243     6.9     14.8     .464     0.0     0.2     .000     6.9     14.6     .471     1.7     3.4     .500     1.7     7.9     9.6     3.2     3.0     1.7     1.3     7.7     15.4         102     100  
Career             NBA         1153     571     28115     8.1     17.5     .465     0.1     0.5     .201     8.0     17.0     .472     4.0     5.8     .690     4.0     6.9     10.9     3.7     2.5     1.4     2.7     5.9     20.3         107     103  
                                                                                                                             
11 seasons         POR     NBA         831     447     21760     8.6     18.1     .476     0.1     0.4     .198     8.6     17.8     .482     4.5     6.4     .699     4.1     6.9     11.0     3.8     2.3     1.4     2.8     5.7     21.9         110     104  
2 seasons         SAS     NBA         117     18     2009     5.7     14.7     .386     0.1     0.6     .130     5.6     14.1     .397     0.9     1.5     .636     2.7     6.8     9.4     2.9     2.8     1.6     2.1     6.7     12.4         88     95  
1 season         GSW     NBA         76     58     1620     6.5     15.9     .410     0.1     0.5     .176     6.4     15.3     .418     3.1     4.7     .660     4.9     6.6     11.5     3.6     2.9     1.4     2.4     6.5     16.2         102     107  
1 season         LAL     NBA         70     44     1766     5.8     13.4     .432     0.5     1.9     .262     5.3     11.5     .461     2.1     3.5     .602     3.3     7.5     10.8     2.7     3.5     1.5     2.2     6.5     14.2         101     99  
1 season         SEA     NBA         37     2     717     7.2     17.4     .416     0.1     0.7     .100     7.2     16.6     .430     2.9     4.8     .600     4.2     5.9     10.1     3.3     3.9     1.0     2.7     7.8     17.4         97     100  
1 season         MIL     NBA         22     2     243     6.9     14.8     .464     0.0     0.2     .000     6.9     14.6     .471     1.7     3.4     .500     1.7     7.9     9.6     3.2     3.0     1.7     1.3     7.7     15.4         102     100  
 
1985-86     23     POR     NBA     SF     79     1217     18.5     .589     .013     .487     12.7     14.6     13.6     9.8     3.2     1.5     16.5     22.2         2.0     1.6     3.6     .143         1.5     0.7     2.2     1.3  
1986-87     24     POR     NBA     SF     82     2088     16.9     .565     .031     .497     11.0     15.5     13.3     12.5     2.7     2.1     14.3     19.6         3.5     2.9     6.4     .147         1.5     2.0     3.5     2.9  
1987-88     25     POR     NBA     SF     79     2888     17.3     .542     .012     .323     7.9     16.7     12.3     11.7     2.0     1.3     10.3     21.3         4.8     3.8     8.6     .144         1.4     1.3     2.7     3.4  
1988-89     26     POR     NBA     SF     76     2716     16.6     .511     .018     .327     9.5     15.8     12.6     12.2     2.3     1.8     11.4     20.8         3.5     3.3     6.8     .121         0.8     1.6     2.4     3.0  
1989-90     27     POR     NBA     SF     82     2843     15.7     .521     .018     .359     9.5     17.0     13.2     9.2     2.0     1.3     10.3     19.4         4.1     4.7     8.8     .148         0.8     2.3     3.1     3.6  
1990-91     28     POR     NBA     SF     73     2359     15.6     .526     .015     .369     8.0     14.5     11.3     13.4     2.0     2.0     12.6     20.3         2.9     3.8     6.7     .136         0.4     2.5     2.9     2.9  
1991-92     29     POR     NBA     SF     77     2553     14.7     .502     .009     .308     10.3     16.7     13.5     13.3     2.2     1.7     13.5     17.8         2.4     4.4     6.8     .128         0.1     3.0     3.1     3.3  
1992-93     30     POR     NBA     SF     65     1719     13.7     .475     .044     .285     7.8     18.4     12.9     10.3     2.3     1.5     10.4     19.3         0.6     2.8     3.4     .094         -1.8     1.9     0.1     0.9  
1993-94     31     POR     NBA     SF     78     1276     14.5     .481     .017     .288     10.6     17.9     14.1     8.5     2.7     2.4     10.7     18.9         1.1     2.0     3.2     .119         -1.3     1.7     0.4     0.8  
1994-95     32     POR     NBA     SF     63     1143     14.5     .467     .055     .254     8.8     16.9     12.7     11.2     2.3     2.3     10.5     22.5         0.6     1.9     2.5     .104         -1.9     1.4     -0.5     0.4  
1995-96     33     GSW     NBA     SF     76     1620     13.1     .452     .034     .294     10.8     15.0     12.9     10.9     2.9     2.0     11.7     17.2         0.6     1.8     2.4     .071         -1.4     1.8     0.4     1.0  
1996-97     34     LAL     NBA     SF     70     1766     12.3     .475     .145     .263     7.3     16.1     11.7     7.8     3.5     2.1     12.9     14.6         0.4     3.4     3.8     .102         -1.9     3.3     1.4     1.5  
1997-98     35     SEA     NBA     SF     37     717     12.6     .447     .043     .279     9.5     12.9     11.3     9.6     3.9     1.5     12.1     19.2         0.0     1.2     1.2     .079         -2.1     1.8     -0.3     0.3  
1998-99     36     SAS     NBA     SF     45     699     7.4     .352     .070     .070     7.2     13.3     10.4     9.4     2.9     1.4     12.7     15.7         -0.9     1.5     0.6     .040         -4.3     3.0     -1.3     0.1  
1999-00     37     SAS     NBA     SF     72     1310     10.0     .431     .025     .116     5.3     13.9     9.8     8.3     2.7     2.5     12.1     14.9         -0.5     2.6     2.1     .077         -3.2     3.5     0.2     0.7  
2000-01     38     MIL     NBA     SF     22     243     12.9     .473     .014     .232     3.8     17.1     10.5     9.4     3.0     2.4     7.3     15.3         0.2     0.3     0.5     .101         -2.6     1.4     -1.2     0.1  
Career             NBA         1153     28115     14.9     .508     .028     .331     9.1     15.9     12.5     10.8     2.5     1.8     12.0     19.2         26.3     43.2     69.5     .119         -0.3     2.0     1.8     26.6  
                                                                                                                 
11 seasons         POR     NBA         831     21760     15.9     .521     .021     .354     9.5     16.2     12.8     11.3     2.3     1.7     11.9     20.1         26.6     32.4     59.0     .130         0.3     1.8     2.2     22.8  
2 seasons         SAS     NBA         117     2009     9.1     .403     .042     .099     5.9     13.7     10.0     8.7     2.8     2.1     12.3     15.2         -1.4     4.1     2.7     .064         -3.6     3.3     -0.3     0.9  
1 season         GSW     NBA         76     1620     13.1     .452     .034     .294     10.8     15.0     12.9     10.9     2.9     2.0     11.7     17.2         0.6     1.8     2.4     .071         -1.4     1.8     0.4     1.0  
1 season         LAL     NBA         70     1766     12.3     .475     .145     .263     7.3     16.1     11.7     7.8     3.5     2.1     12.9     14.6         0.4     3.4     3.8     .102         -1.9     3.3     1.4     1.5  
1 season         SEA     NBA         37     717     12.6     .447     .043     .279     9.5     12.9     11.3     9.6     3.9     1.5     12.1     19.2         0.0     1.2     1.2     .079         -2.1     1.8     -0.3     0.3  
1 season         MIL     NBA         22     243     12.9     .473     .014     .232     3.8     17.1     10.5     9.4     3.0     2.4     7.3     15.3         0.2     0.3     0.5     .101         -2.6     1.4     -1.2     0.1  
 
  Shooting data is available as of the 2000-01 season                                                                      Minor differences with official season totals may exist                                   
Data in this table is current for games through 2015-03-22                                   
 
Season   Age   Tm   Lg   Pos   G   MP   FG%   Dist.   2P   0-3   3-10   10-16   16    3P   2P   0-3   3-10   10-16   16    3P   %Ast'd   %FGA   Md.   %Ast'd   %3PA   3P%   Att.   Md. 
2000-01     38     MIL     NBA     SF     22     243     .464     15.8     .986     .101     .014     .362     .507     .014     .471     .571     .000     .560     .400     .000     .813     .000     0         .000         1     0  
Career             NBA         22     243     .464     15.8     .986     .101     .014     .362     .507     .014     .471     .571     .000     .560     .400     .000     .813     .000     0         .000         1     0  
 
   Play-by-play data is available as of the 2000-01 season                                                                      Minor differences with official season totals may exist                                   
Data in this table is current for games through 2015-03-22                                   
 
1998-99      36     SAS     NBA     SF     14     0     152     15     43     .349     1     4     .250     14     39     .359     .360     5     7     .714     10     20     30     4     6     1     6     19     36  
1999-00     37     SAS     NBA     SF     2     0     25     1     7     .143     0     0         1     7     .143     .143     0     0         2     2     4     1     2     1     1     5     2  
Career             NBA         126     71     3394     599     1277     .469     2     21     .095     597     1256     .475     .470     357     491     .727     283     434     717     233     168     80     163     427     1557  
                                                                                                                     
11 seasons         POR     NBA         91     66     2794     535     1120     .478     1     13     .077     534     1107     .482     .478     321     446     .720     240     355     595     205     141     62     140     337     1392  
2 seasons         SAS     NBA         16     0     177     16     50     .320     1     4     .250     15     46     .326     .330     5     7     .714     12     22     34     5     8     2     7     24     38  
1 season         SEA     NBA         10     5     213     31     72     .431     0     3     .000     31     69     .449     .431     16     19     .842     17     23     40     9     10     10     13     32     78  
1 season         LAL     NBA         9     0     210     17     35     .486     0     1     .000     17     34     .500     .486     15     19     .789     14     34     48     14     9     6     3     34     49  
 
1986-87     24     POR     NBA     SF     4     0     15.0     2.5     6.3     .400     0.0     0.0         2.5     6.3     .400     1.0     1.0     1.000     1.5     3.3     4.8     0.8     1.3     0.3     1.5     3.3     6.0  
1987-88     25     POR     NBA     SF     4     4     31.8     8.0     16.3     .492     0.0     0.3     .000     8.0     16.0     .500     3.8     5.3     .714     4.3     3.3     7.5     2.3     1.8     1.0     1.3     4.3     19.8  
1988-89     26     POR     NBA     SF     3     3     39.0     7.7     15.7     .489     0.0     0.7     .000     7.7     15.0     .511     5.0     6.3     .789     3.7     4.3     8.0     2.3     3.3     0.3     1.3     4.0     20.3  
1989-90     27     POR     NBA     SF     21     21     39.6     7.9     17.2     .460     0.0     0.1     .000     7.9     17.0     .464     4.9     6.9     .715     3.1     5.1     8.3     2.1     1.6     1.0     2.1     4.1     20.7  
1990-91     28     POR     NBA     SF     16     16     36.8     6.6     14.1     .465     0.0     0.0         6.6     14.1     .465     4.8     6.3     .752     3.3     3.7     6.9     3.1     1.8     0.4     1.1     4.3     17.9  
1991-92     29     POR     NBA     SF     21     21     36.0     6.2     12.2     .510     0.0     0.1     .000     6.2     12.1     .516     3.8     5.4     .693     2.8     4.9     7.7     3.6     2.0     0.9     2.5     4.0     16.2  
1992-93     30     POR     NBA     SF     4     1     24.5     5.5     10.5     .524     0.3     0.3     1.000     5.3     10.3     .512     3.0     4.3     .706     2.5     6.0     8.5     1.0     1.0     0.5     0.5     3.8     14.3  
1993-94     31     POR     NBA     SF     3     0     12.7     1.7     5.3     .313     0.0     0.0         1.7     5.3     .313     0.3     1.7     .200     1.7     1.3     3.0     0.0     0.3     0.3     0.0     1.7     3.7  
1994-95     32     POR     NBA     SF     3     0     21.0     5.3     9.3     .571     0.0     0.7     .000     5.3     8.7     .615     2.0     3.0     .667     0.7     2.0     2.7     1.0     1.0     0.3     0.0     3.7     12.7  
1996-97     34     LAL     NBA     SF     9     0     23.3     1.9     3.9     .486     0.0     0.1     .000     1.9     3.8     .500     1.7     2.1     .789     1.6     3.8     5.3     1.6     1.0     0.7     0.3     3.8     5.4  
1997-98     35     SEA     NBA     SF     10     5     21.3     3.1     7.2     .431     0.0     0.3     .000     3.1     6.9     .449     1.6     1.9     .842     1.7     2.3     4.0     0.9     1.0     1.0     1.3     3.2     7.8  
1998-99      36     SAS     NBA     SF     14     0     10.9     1.1     3.1     .349     0.1     0.3     .250     1.0     2.8     .359     0.4     0.5     .714     0.7     1.4     2.1     0.3     0.4     0.1     0.4     1.4     2.6  
1999-00     37     SAS     NBA     SF     2     0     12.5     0.5     3.5     .143     0.0     0.0         0.5     3.5     .143     0.0     0.0         1.0     1.0     2.0     0.5     1.0     0.5     0.5     2.5     1.0  
Career             NBA         126     71     26.9     4.8     10.1     .469     0.0     0.2     .095     4.7     10.0     .475     2.8     3.9     .727     2.2     3.4     5.7     1.8     1.3     0.6     1.3     3.4     12.4  
                                                                                                                 
11 seasons         POR     NBA         91     66     30.7     5.9     12.3     .478     0.0     0.1     .077     5.9     12.2     .482     3.5     4.9     .720     2.6     3.9     6.5     2.3     1.5     0.7     1.5     3.7     15.3  
2 seasons         SAS     NBA         16     0     11.1     1.0     3.1     .320     0.1     0.3     .250     0.9     2.9     .326     0.3     0.4     .714     0.8     1.4     2.1     0.3     0.5     0.1     0.4     1.5     2.4  
1 season         SEA     NBA         10     5     21.3     3.1     7.2     .431     0.0     0.3     .000     3.1     6.9     .449     1.6     1.9     .842     1.7     2.3     4.0     0.9     1.0     1.0     1.3     3.2     7.8  
1 season         LAL     NBA         9     0     23.3     1.9     3.9     .486     0.0     0.1     .000     1.9     3.8     .500     1.7     2.1     .789     1.6     3.8     5.3     1.6     1.0     0.7     0.3     3.8     5.4  
 
1986-87     24     POR     NBA     SF     4     0     60     6.0     15.0     .400     0.0     0.0         6.0     15.0     .400     2.4     2.4     1.000     3.6     7.8     11.4     1.8     3.0     0.6     3.6     7.8     14.4  
1987-88     25     POR     NBA     SF     4     4     127     9.1     18.4     .492     0.0     0.3     .000     9.1     18.1     .500     4.3     6.0     .714     4.8     3.7     8.5     2.6     2.0     1.1     1.4     4.8     22.4  
1988-89     26     POR     NBA     SF     3     3     117     7.1     14.5     .489     0.0     0.6     .000     7.1     13.8     .511     4.6     5.8     .789     3.4     4.0     7.4     2.2     3.1     0.3     1.2     3.7     18.8  
1989-90     27     POR     NBA     SF     21     21     831     7.2     15.6     .460     0.0     0.1     .000     7.2     15.5     .464     4.5     6.2     .715     2.9     4.7     7.5     1.9     1.5     0.9     1.9     3.8     18.8  
1990-91     28     POR     NBA     SF     16     16     588     6.4     13.8     .465     0.0     0.0         6.4     13.8     .465     4.7     6.2     .752     3.2     3.6     6.8     3.0     1.7     0.4     1.0     4.2     17.5  
1991-92     29     POR     NBA     SF     21     21     756     6.2     12.2     .510     0.0     0.1     .000     6.2     12.1     .516     3.8     5.4     .693     2.8     4.9     7.7     3.6     2.0     0.9     2.5     4.0     16.2  
1992-93     30     POR     NBA     SF     4     1     98     8.1     15.4     .524     0.4     0.4     1.000     7.7     15.1     .512     4.4     6.2     .706     3.7     8.8     12.5     1.5     1.5     0.7     0.7     5.5     20.9  
1993-94     31     POR     NBA     SF     3     0     38     4.7     15.2     .313     0.0     0.0         4.7     15.2     .313     0.9     4.7     .200     4.7     3.8     8.5     0.0     0.9     0.9     0.0     4.7     10.4  
1994-95     32     POR     NBA     SF     3     0     63     9.1     16.0     .571     0.0     1.1     .000     9.1     14.9     .615     3.4     5.1     .667     1.1     3.4     4.6     1.7     1.7     0.6     0.0     6.3     21.7  
1996-97     34     LAL     NBA     SF     9     0     210     2.9     6.0     .486     0.0     0.2     .000     2.9     5.8     .500     2.6     3.3     .789     2.4     5.8     8.2     2.4     1.5     1.0     0.5     5.8     8.4  
1997-98     35     SEA     NBA     SF     10     5     213     5.2     12.2     .431     0.0     0.5     .000     5.2     11.7     .449     2.7     3.2     .842     2.9     3.9     6.8     1.5     1.7     1.7     2.2     5.4     13.2  
1998-99      36     SAS     NBA     SF     14     0     152     3.6     10.2     .349     0.2     0.9     .250     3.3     9.2     .359     1.2     1.7     .714     2.4     4.7     7.1     0.9     1.4     0.2     1.4     4.5     8.5  
1999-00     37     SAS     NBA     SF     2     0     25     1.4     10.1     .143     0.0     0.0         1.4     10.1     .143     0.0     0.0         2.9     2.9     5.8     1.4     2.9     1.4     1.4     7.2     2.9  
Career             NBA         126     71     3394     6.4     13.5     .469     0.0     0.2     .095     6.3     13.3     .475     3.8     5.2     .727     3.0     4.6     7.6     2.5     1.8     0.8     1.7     4.5     16.5  
                                                                                                                 
11 seasons         POR     NBA         91     66     2794     6.9     14.4     .478     0.0     0.2     .077     6.9     14.3     .482     4.1     5.7     .720     3.1     4.6     7.7     2.6     1.8     0.8     1.8     4.3     17.9  
2 seasons         SAS     NBA         16     0     177     3.3     10.2     .320     0.2     0.8     .250     3.1     9.4     .326     1.0     1.4     .714     2.4     4.5     6.9     1.0     1.6     0.4     1.4     4.9     7.7  
1 season         SEA     NBA         10     5     213     5.2     12.2     .431     0.0     0.5     .000     5.2     11.7     .449     2.7     3.2     .842     2.9     3.9     6.8     1.5     1.7     1.7     2.2     5.4     13.2  
1 season         LAL     NBA         9     0     210     2.9     6.0     .486     0.0     0.2     .000     2.9     5.8     .500     2.6     3.3     .789     2.4     5.8     8.2     2.4     1.5     1.0     0.5     5.8     8.4  
 
  Season   Age   Tm   Lg   Pos   G   GS   MP   FG   FGA   FG%   3P   3PA   3P%   2P   2PA   2P%   FT   FTA   FT%   ORB   DRB   TRB   AST   STL   BLK   TOV   PF   PTS      ORtg   DRtg 
1984-85     22     POR     NBA     SF     8     0     60     12.4     24.1     .516     0.0     0.0         12.4     24.1     .516     4.7     6.2     .750     3.9     3.1     7.0     4.7     5.4     1.6     1.6     8.5     29.5         121     110  
1985-86     23     POR     NBA     SF     4     0     56     7.5     18.2
